mu sigma
1.88532206107913 9.013395602513203
0.7489036300419405 8.829708425054445
1.7313138267549162 8.903350572351064
0.2998056842283858 5.977940699864487
2.4246579777315116 5.834998620187769
1.7415961438827854 5.711250792246579
0.28348385591920433 8.555815801247594
1.8398530841516891 5.733804468720964
3.658643563187987 6.957601165496587
0.5503756642359425 5.9258195241531
0.14402551555783683 6.14031730154461
1.7669195405170361 8.73538638427733
1.2207146669347195 8.717233761307341
3.596367123465823 7.010745812521105
3.501185029740965 6.790591523279613
3.5809421101766903 7.496765988688592
1.7372919449352031 5.805494909563103
0.671803288736964 8.51345788571245
3.3716724137320346 7.810877684499725
3.4798789828167296 7.545059657722417
3.372403226110196 7.7825228449773025
0.4034967728157707 6.08991721049526
0.16987580431802263 8.230025282036205
1.4074389363083233 8.60474667568372
1.4771636754998347 5.825748419759485
2.6479711711348344 8.360280092665226
0.25500556049707745 8.261460636615734
2.825581933518003 6.199958982626384
0.41597904224804194 8.321437820035065
3.2009434765778666 6.5853052960518
0.10044038171124425 6.3626345833403395
1.3259117799624938 8.524673211040394
1.6218760702896262 5.862408309132965
0.041566589847175095 8.025029448307157
2.477565666935169 8.362735993251064
1.4484015821087755 8.52117315477132
3.368190344328345 6.949013694777123
3.399832041718531 7.186326654206177
2.917460781685895 8.07139361287269
3.2556390040946956 7.677326328191265
1.932724391627127 8.455743929756402
0.7880912419481695 8.364748411291853
1.5531959313852557 8.46376706131711
1.4593918814709694 8.458658379764474
1.402757424425702 5.904987512912154
2.897239469493151 6.360298512638542
0.09792669739548954 7.957623232040917
1.2265016099463166 5.929916620453383
3.1817768897687726 7.690546695484327
1.8860498528257357 8.40856725954287
1.967145265714637 8.393399303734574
1.2518527533368657 8.407236968287657
2.7052672164448293 8.127762037353
0.87629968913567 8.333256993520463
2.0808187788241583 8.364600285609216
3.29363180826388 7.337585411284126
0.33977000981664784 8.091223168850943
1.6989616360114668 8.408428039131202
1.552626286966647 5.927473712984209
1.4282009758371266 8.406154077233367
2.0092751608247488 5.977058558806462
1.797969888892702 8.39304562362946
0.5894127358381201 8.195564083900932
2.6608077624566002 8.10411213176965
3.21261818521924 6.909927654441099
2.7638159431825384 6.324754296897264
3.2040693736483323 7.478938763744889
0.5472717368274072 8.152104550466877
2.9694464542695824 7.842186490913161
2.9482127807602616 7.862938255122042
0.7279913988523107 6.108997351337314
2.4245568509594366 6.137537521867142
0.4208391246714843 8.07746514409416
3.1578948522721713 6.830313482893887
3.1485678181914087 6.816469737103862
2.827522681601757 7.949375122142197
0.06179268166882468 7.749260048053188
3.216174046621883 7.053149728193496
3.1780811702036305 6.935342796583476
3.1080224930568843 6.772176558982391
2.580757430941008 8.088589767427235
0.09202841260523398 6.6033427197200805
2.638254343589395 8.051193096970765
1.8970018565756719 6.0052334004598755
3.052351336076384 6.704757735801704
1.8907610370652899 6.009027566682757
2.6523137006744606 8.023312301354348
0.06803497642627387 6.666779076746444
3.1796951183198563 7.217661718588961
0.5228196679356356 8.054198331524045
1.8859713330686112 8.273552505651415
1.7590698782997154 6.003314821832201
2.971782433221648 7.709843605827437
2.8428979465851176 6.4791108964751585
3.0096955691903378 6.684048960229994
0.4070417207912813 7.974830949937192
0.03480263437288689 7.5822794926880785
1.8770793990282013 6.025675550894921
2.9058464525577596 6.557303437927187
0.4686961297929765 7.997125204237716
1.3525479464786154 6.0147209655577925
2.9760505042935526 6.671495080705644
0.7750503713901064 8.13050683593019
0.3326822399599222 7.883601341207221
1.4858539058833664 8.263519232486122
2.9389055737781526 7.69382894614068
0.8252803144506304 8.145788520422727
0.6331880185713262 8.06642385218527
0.14883089423265716 6.637373374199125
2.5531299518313872 8.003497151013562
0.13913136665037462 7.6569944495405675
3.057780621739505 6.8748173782447966
0.2456192196028839 7.775961886866308
2.850135243807517 6.544147945191117
2.650909570166297 7.927851810015926
1.4973818795950837 6.026582578265702
2.9649111428160992 6.708456629242633
0.03019290507114969 6.915492383661622
1.205951678905719 6.060600988587858
0.8704782934961514 8.121167873830178
2.8410231119367064 6.566407198274701
1.5735434353682898 8.217004925468155
2.103167261299216 8.145022130181088
0.4684267665158215 6.367946974240222
0.4833471347460716 7.9234749248464285
1.4599472767447874 6.044560894037792
0.015909759419845404 7.0978272655812535
1.1530685835574945 8.176311112959336
1.992709845731269 6.095257730234941
2.8307749584452377 7.723852687992185
0.06910118550841504 7.416024438001241
2.2233158242453483 8.094546140500098
0.38805560389698124 7.840047337938141
0.03185972050578301 7.255463894407018
0.6268044522271238 6.278254497462701
1.9227359695431372 8.168999038380345
3.0419993274727686 7.101989213858477
2.8285571055715355 6.596027644083974
1.627640339406753 6.062458396640967
3.0327488064515595 7.057732093115736
0.3232029211083104 6.529199046773204
0.058021585896547156 7.232106860560787
1.9310003897984473 6.104419038449629
0.0574925612275734 7.126112012776469
2.7487226460458447 7.75197699908877
2.5070163127756335 7.929499589881498
2.296222117266215 6.22042000031205
0.35005266294593385 6.5127025212165135
0.1305890460811543 7.461304602222154
1.9807524475941722 8.122419721108628
2.97704535844789 6.907982496288785
2.9104898408601416 6.756148730519218
0.18549872063973294 6.7492445743895715
2.266961079558436 6.224424724788732
2.8067750002689413 6.623250464450818
2.9413583993967087 6.87930294996716
1.8631054703518828 6.122199298267981
1.997501761855582 8.073645532693224
0.17824472979001027 6.831975855394345
1.7564225799091893 6.109471622216529
2.965418585083132 7.046234260965272
2.3654315845339653 6.2943274558503095
2.0568712600241987 8.052715693341403
2.8408211153746317 7.538655996541978
2.642289148739285 7.760532871621182
2.2539972971346667 6.248624817489253
2.2019327835898848 7.995767434212136
0.13631485571650448 7.173242005225409
0.2776924769145428 6.690463440370545
2.3415031695821082 6.296923259100026
2.942603217078541 7.148041016083951
2.86607798174777 6.807747753305352
0.9470301571570078 8.003566733256664
2.0887490209476423 6.197526641591729
1.2626104656318953 8.069492176526403
2.54503537422929 6.434611049485852
0.6780469909435716 7.880518103244753
1.8950626510848374 8.052572100935437
2.703569459218729 7.652395123362307
1.24169924971832 8.060050556067434
0.8632900948212002 7.958482671291886
0.20647418343382296 6.884746127563496
2.878272756801223 6.880186525647435
1.2213754770410552 8.05193521692232
1.7639382475914704 8.059605959541448
0.24257253189267414 6.816210338856892
1.1045888660580916 6.183482684122773
2.3738506091867895 6.337762103643302
1.9531744110226295 6.177317811181201
0.20947408144790902 7.33637545370317
0.17962551373470692 7.058699770335016
2.7411009379449185 6.652898989567824
2.454041403783374 6.3896674996316785
2.7217018003223377 7.602208399206226
0.22294585840101688 6.883208241846433
2.684843776092492 7.633559383925342
1.0312528173508284 6.2126994194780725
0.26039763446383923 6.809848026569184
0.4041110089869254 7.629681386717325
1.499255718748076 8.05573882562006
1.9111573527053212 8.021489414598497
2.273843586794611 7.909726443623617
0.34044991017020465 6.680659075869709
0.36765977542065564 6.6447938309985695
2.271969852789366 6.300650837198342
0.8305621251054146 7.909622746984985
0.2368789806764504 7.339529509410092
0.20177487150085438 7.123189509322
0.5904611895034118 7.7743953041427964
2.8711663377631287 7.242332466071283
2.4419956960124183 7.807085111015283
2.086739532133866 7.961232304399935
0.29488600378809515 6.780746793047293
1.4063181167837029 6.155359059074209
2.080848032219981 6.2367741656186375
0.7553437946908198 6.351330932948912
0.3352012058613274 6.7378299854274815
2.3804950403955942 7.815974342551703
2.8031307303976845 6.853777341129431
2.1193905575803784 7.926642252124133
2.361542445501355 7.814691826423854
1.7547417536366539 7.999754924523103
2.7289048564470724 7.48555492714874
0.785199336890367 7.844143954878936
1.7460142668278311 6.1802108191092495
1.286785460295864 7.991508181035687
1.3374253978370598 7.996750204932045
2.086023218994513 7.924430460677744
1.5217746496498386 8.00525249609079
1.7680397872984233 7.991379582283279
2.5300425649153135 7.691003745780778
1.4522601566194682 8.00190789345751
0.3654118340336332 6.733514469852747
0.8845903558160562 7.877140599248326
2.5064909153058896 6.49337495621079
1.6731286151249047 6.180158520201648
0.398209974240592 6.686445734988823
1.8550390195683764 6.204684985042366
0.6429079744874017 6.449435963758873
0.6712429581261053 7.758328041140286
2.2070021333113674 6.3172583994843725
2.8044977560807904 6.9619993347202325
0.27130307154216715 7.052498146829182
0.43172227805011065 6.660944194994202
2.7750623248633763 7.32300699194456
2.2997096112691255 7.813998116242608
0.6542403519087708 6.453582995955822
0.3546274667196553 6.790188041184548
0.34833111331767086 6.802755265373354
0.29234057439769034 7.244377962050193
0.49419563215442774 6.598613513904232
1.2645952535032368 6.212478100705033
2.160550167546271 6.308515880704094
0.2928980135734377 7.2188581517002826
2.7771053396997214 7.282890701151135
2.6930347154065206 6.7365577163950086
2.4835223193461244 6.502175527795899
0.625301567263129 6.485587933418802
0.7383304742066621 7.773784809309918
1.6888176360986167 7.9674037530742945
0.29386989562021903 7.16991855359843
1.8941991362128912 7.934501611172146
0.2932446261213395 7.1183821475969165
0.36645701283315957 6.800906466272072
2.6849110199665565 7.455898396636586
2.4592173437548266 7.690782517375032
0.35881968206202874 6.82409548976045
2.7861059574076648 7.033147474122378
0.988664150606936 7.874887859338742
2.7612742854385512 6.916384083150725
2.7876506530553824 7.088413584335351
0.7979954752091173 6.383886914107496
2.053359290592999 7.883629494716802
1.4873546214753324 6.203777378934423
0.7770903730955003 7.7760044862072455
1.8986873274679306 7.920936179244849
1.2497904932220578 6.230062774052949
0.635497958776115 6.495746717805644
1.8255116587259397 7.932478896346139
2.5612235808555166 7.585862883823112
0.3100251642514795 7.066327023204558
2.5801597115412966 6.62129588953443
1.1426802565777532 6.25643914614852
2.0163010351299 7.886713555614376
0.3133791793723517 7.125366814047823
0.3486012346381906 6.90334875734663
2.160114201296498 6.334190424523607
2.557035702073999 7.575366316408646
1.7066493790310433 7.936253135327002
0.5179155725274531 6.620042076321592
0.7416163755362959 7.735251684622179
0.3636398635714416 6.877092023348324
0.7116077762152478 6.4555285356676535
0.3413926403718831 7.23295573820379
0.8683463171563532 7.798423331823812
2.6138430610431134 7.485713513056727
0.4406903200538659 7.438117151167472
2.742749967274072 7.170835079381983
0.6572033290126489 7.659032304863562
2.2252769769879386 7.779017985930647
0.4291505949926988 6.777351022399959
2.6698174237394894 6.800499216649358
0.5080056636076896 7.513327539261164
1.8168531271501704 7.898426023847378
2.2138535745282226 6.380098605909375
1.4450670768486717 6.232295964098484
0.7004865255060089 7.677015285090327
0.945555396017369 7.805859660052411
1.009517336899669 6.3248321729637915
2.0162707671380153 7.8467039778720515
2.154537540991917 6.35811637737708
0.412592540199227 7.337475887567866
1.5868589558339035 7.908712508634626
2.1572849809782775 6.363259058720349
2.7084625159066227 6.963480249937638
0.388106785359405 7.2506957126966505
0.8465999311871641 7.744758263784242
0.6769044349229281 6.520545898627351
1.3789161906375558 7.892652585412117
1.0646467090578837 7.825039147675828
2.479354826579221 7.571667902567332
2.6998503166716956 6.990142451757539
2.665210640674209 7.304967847006514
1.5815043953658976 6.24610863481265
2.633024431878137 7.371074571522485
0.3849295349740345 7.1369924684560075
0.9592761556109408 6.363837682099089
2.613072131522161 6.766148925972077
0.5647266676618995 6.641598464811061
0.9365326503217125 7.76969873792142
2.057938147877374 7.802340640937016
1.710116868469978 7.87676277358481
2.145658309049697 6.376649190062128
0.6444883705410503 7.58833058592338
1.5336734519512247 7.881927724067256
1.3038445730020514 7.863624326009728
0.9831378898192045 7.780609509135763
0.40991966451637607 6.955432745662834
2.6629692030327785 7.2539333637278025
2.422378777658924 6.557354409803239
1.3569162631625142 6.268813446751677
0.41392160072609707 7.203554471782018
1.180802800272092 7.835348375444916
0.5104462662652082 7.422890983802933
1.084948301318272 7.8059214767520055
2.075919063668991 6.358531853949981
2.4791853215082824 7.531869666359318
1.412034580482409 7.8640774209509425
0.5548329114680256 6.68435923513626
1.1035925651403349 7.80716332270968
0.9439774998939626 6.390282766189811
1.8885513572199464 6.303960721744839
0.8071957215741565 6.464547000882702
2.6673158624861366 7.163523084977436
0.4147187607034203 7.048465397343592
2.442075888242 6.590899107506024
1.643428704322779 7.861351229196823
2.6444178953690973 6.909884190930665
2.6687399514794667 7.0465061204992185
2.5001913154873074 7.49586709583411
0.492550261156387 7.363494248515635
2.3384916241476352 7.636166597685409
1.5233756125044646 7.861563439425112
0.4629366713168548 6.856430739107924
1.6004009778367694 7.860257734381108
2.5008207856488314 6.657921111859974
1.5103655409481176 6.269793186501364
1.6929041875473532 6.277292542026811
2.416985064378514 7.56814432721438
0.4430155847402073 6.932709353724446
2.65740478891809 7.017439876405662
2.4464568489475056 6.609800956660552
2.640931392160585 7.215954578816172
1.3719468004511215 7.842874944791189
2.5724679695536876 7.376920086796392
2.5914007120158287 7.342401967952355
2.4346977818750624 7.542614053774242
2.3167219406008153 7.635159771436733
0.6806124972342092 7.565362812095914
0.8834714315322267 7.697942684314045
0.9983934008628825 7.748416790271591
1.5125655483233424 6.278438049533586
2.433443247872332 6.60559679490786
1.543241009532506 6.2786138392632695
0.4431404820015994 7.152289561755226
2.029859535647568 6.363093298868857
0.9203597299572142 6.421615622148686
0.8945051144133281 7.6978111989478135
2.3571670695982663 7.595647231820443
2.629914875602787 7.202192945377566
1.64489496041409 7.836683412032084
0.4786214028455765 6.883837152020132
0.7261160003602507 7.584495197639775
2.6378091543159794 7.0523665810618645
1.741014538735275 6.2989052108934676
2.452113156805822 7.5013090114641345
2.538505233606142 7.393587920127919
1.474915981931621 7.832488231363609
1.569521527890546 7.833456351129495
0.5979883492884908 6.6845582834155195
1.738995593060784 6.3002330944959155
0.5744377080111207 6.7157572381373685
0.7458684500175261 7.593784794925314
2.34476241651467 7.589872479279579
1.6055999996966746 7.829008593693959
2.39845740021767 7.542819666807122
1.5152134475671746 7.826836884699716
1.4296451940734545 7.821515654495391
2.5841710655420065 6.861279143722693
2.6254603547595847 7.06512514698423
2.114198921819253 7.712575477274116
0.6495099862463122 6.639191806001578
0.8880208212499668 7.67080951455722
1.4583799386933838 7.820656426762601
1.297647114795315 7.801203922584744
0.716477683556011 6.57935395910026
1.2364629529513282 7.787602874483488
0.738073042789758 6.56362393172993
0.9169459621853787 6.445996856940848
2.540147611483782 7.347665601084541
2.5291501800195277 7.363602531544759
2.6026932684423905 6.973206929857864
2.0443756614614115 6.393426121449223
2.5938913790572578 7.195834452396944
2.3835098775304324 6.6026260975895745
2.1709876549142044 7.669795085326438
1.5000213945247476 6.3047608174414655
2.5744901788478805 7.250724144600551
2.567451515213241 6.872125585772473
1.72738153286081 7.796467329552956
0.7592803734143699 6.559388403617921
1.8575797422221991 7.771055334914294
2.049568529312186 6.403471484953078
1.11245201849687 6.376552331673247
2.4571231870753554 7.436352601289338
1.1265819499628944 6.373312519155467
1.7336975711593032 7.787561089997386
1.2972090603980801 7.7786559114690395
0.501273347503936 7.151569102363192
1.8280729956411823 7.77037457095836
2.54515287574173 7.284637220997335
0.6584106216399305 6.668440016391277
2.560495311244431 7.238258693909386
1.3136475239327938 7.775531096443463
2.5195247262789886 6.805993556517187
2.5368151024993595 6.845883681148325
0.5566846440872636 7.297488773571557
2.57831144024144 7.000195983684315
0.618888161716537 7.3986991390468395
0.8541742692624532 6.510857207476439
1.5074889407541008 7.786793392753845
0.5362629909050787 6.894612425078379
0.9317729305907391 7.648519523526743
1.7964922167389497 7.764167593015715
0.5438599762609531 7.254009025209742
0.7455063268301576 7.525564607635985
2.1194194012131637 7.661130594864201
1.7096445437716161 7.772177915673756
2.547407625851287 6.903614902278554
0.5985967132723008 6.779336951676616
1.750776012880599 7.763309709680499
1.2555338537344796 7.749237150334842
2.5662624501462794 7.02763941809181
2.10582293487614 7.656926820990896
1.166872371713878 7.722285943971362
0.8646603223491683 6.520060634794328
2.2990055618941474 7.539045737698045
0.7372007903992694 6.623278794239679
1.9966255186254822 7.694018767821858
0.9256927638465767 7.622479806764629
0.7690218029562124 7.516389341110373
0.5346568216317743 7.088089272504773
1.7188609325702309 7.753815236587304
0.9087789244144495 7.60943041202002
1.5364563617841638 6.335981814531916
2.217507492167684 6.52534868923931
1.5181539407082312 7.762608131741072
1.8958014424387748 7.71880068229178
0.6315905224616436 7.361627488673685
2.4770825457265895 6.7969858047203715
1.6314022760255193 6.343273815267544
1.6914178973800487 6.348913045107104
1.4965455206222482 7.755484517574983
2.4106495349432877 6.711521169275233
2.5302801446236014 6.967468891755387
2.301619410909694 6.6023704490312465
0.6395285270101381 7.344015642437282
2.2705784552495674 6.578408817996669
1.0565084274591614 7.660443882239457
2.3452803981704777 6.645516422310314
2.05766553884759 7.648488880540617
0.5708068074602318 7.18336695477308
0.7701785155750523 7.489645453322789
0.6616424433013157 6.7501124386605795
1.0702446220671114 6.443427905976609
2.2296779063355086 7.544631497528202
2.1501984085217547 7.591442988213222
1.165812094238492 6.4111884213393635
1.6464623997965893 7.731997517602927
0.6426474912150365 6.794288020440279
1.521116963354467 7.7342071135200054
1.4072867800767135 6.364603682743059
2.2771233379590954 7.501926307881693
1.0067290898953112 6.4764313421295565
0.6024371668819667 7.220093343769037
2.0339464971510286 6.457826634159021
2.1101135353666667 6.494450247036514
2.4252589728924785 6.773947403547245
0.6248224277132047 6.841982118637262
1.6653897375204036 7.722818047615146
2.2006937218333307 7.546092975965929
2.443624288492769 7.291598147216356
1.1405579707846907 6.429066888636834
1.683063149981 7.716947957076297
1.4281248885264848 7.71900415414555
2.4942185504410337 7.1458477690433675
1.8476507227749916 7.687559594884149
2.2239994089735644 7.5243177630120055
1.550894842013203 7.720379133781393
0.5956157029316334 7.1408936844284385
1.907824141473512 6.4205199141466585
2.0688464553178108 6.482767578130904
1.0580166849083683 7.628005176971105
0.9784711198726298 6.504235780801235
1.4107478689775321 7.71118584952889
2.4431950967632545 6.8326857534958885
1.970236408117625 7.647522846953796
2.0868533361145687 6.49456748136128
1.6396030278856144 6.375287686979815
2.4832065481752563 6.97044990550126
2.4707845993789475 7.187582039480604
2.109608912111015 6.509801641034857
2.1655453446927164 6.542601359917722
1.9772528025107727 7.6397904030214665
1.324826144345831 6.3919561069794995
0.6175906751631582 6.916482632277935
0.5987798684110573 7.0406895715742435
1.5681658146166955 6.37447184377455
1.5385028421443043 6.375339408819554
0.6310343486612424 7.2185238974188675
0.7375080779814419 6.705225281455061
1.2216871089701842 7.669737554206732
0.698572071009026 6.756991954483198
2.0887617642297664 7.5885728186919374
1.1020120690320985 7.632684911914053
1.8076561845844419 6.403959688356833
0.6419065403932467 6.865521368679341
2.4181858336066835 7.284949963200233
0.9803316487409819 7.573616098817797
1.07370482867525 7.616366768493604
1.7063670431651923 6.390313828391907
2.4772723968521877 7.035997215893578
0.6126488997893759 7.1014099423417
0.7040004845675107 7.33051399150232
1.5970236938715177 7.69663251113064
0.8244956243996471 6.632067445769146
1.474755573276914 7.6949974489749025
2.46919615067109 7.034576011943475
2.4221169833232254 6.851227317945254
1.048007200605749 6.492784820717956
1.7851320913352142 6.412499025913879
0.6442215264375661 7.185317803030625
2.414329091649365 7.255009384006251
2.460232901251864 7.020901588692885
2.3966148033271355 7.284389913249853
2.4311943927187283 7.207557493495943
2.4574269229991326 7.01354200228363
1.3819766205669892 6.403259465052532
1.6238608421972107 7.683045317222918
1.6699637515749755 7.679422711621004
0.7841169153090588 6.687933248001516
2.3604940556426564 7.333547597312644
0.8151525460931808 6.65996401220831
2.372917602656719 7.307901890981685
1.161977001238434 6.457430361231249
1.4961238992617716 6.3999380552242835
1.6250506020173627 6.4023082128035735
0.7226730899009165 6.784240416613003
1.1228523745388737 6.477518739811141
2.0988547157964055 7.540841693207843
1.6106781988662233 7.671677129045236
2.4398852032355105 7.036415374834418
2.418612923106206 6.908901347601855
1.7824103578621737 7.64926708844103
0.8480431353979773 7.44244825773834
2.3979351858316638 6.85630614436107
0.712282684422188 6.815211555300749
0.6537487466149949 7.000603806245444
0.8665710308171537 7.452968147854129
1.0146549725161502 7.54781240288405
0.6844998418568815 7.213138734263076
2.4343294824138626 7.043431974420868
2.0986552335713933 7.532572494612518
0.8674807246241717 7.451654372376833
1.855650902005379 6.448059517325371
1.9115527583693042 7.610335928631661
1.5744035152496987 6.408105654388336
1.8635134535630227 7.62367910119436
0.6886882152154683 6.882467814524431
1.5735323971151072 7.66160573585
1.5528883292079905 7.6608557056990545
2.420933169320296 7.108854164936664
1.466562552717972 7.657057595293609
1.7344944090682208 7.644767253065457
1.1652062223160282 7.599235651269279
1.0109711388533067 7.533435423041959
1.1853465384344697 6.4698722056161095
2.420418452166593 7.027630932184474
0.6875800426127621 7.173714851781275
0.8293629774916073 7.398315088591906
2.3003604967671976 6.7340340398643885
1.7527116729448777 7.631428594291904
1.9445462836764267 7.580342651959278
2.1327112200028395 7.488145028005183
1.8718645327832935 6.46857062589325
2.1630836581433415 7.465703397845856
0.7039357486397357 6.89808705973805
1.765455217279977 6.44377013675676
1.6718739115106263 6.42969194429162
0.996547840033199 6.5653092558503285
1.9432247004088143 7.5753010580609885
2.2415389018335325 7.393106734599765
1.2918870412513002 6.453801155500944
1.0682140552854769 7.541167665028001
1.9704924535997197 7.561540987446341
2.3696548646058364 7.202489293524784
0.8215106149914692 6.715584814733159
2.2363958420703 7.391503418431844
1.9264013422270898 6.49475172315775
0.704141672858653 7.152159387434498
1.9947456036813564 7.54561556438384
0.7022303285585618 6.950388644757562
1.2298319736890062 7.592763402459156
1.5610018318730057 6.431586711315375
0.9083407727937276 6.6400658682847356
2.367948916420275 6.902497634642569
1.1559633726217018 6.501117659471833
0.9272966261469051 6.6259873804190015
2.380581611190605 7.128443412256234
1.1413564616279985 6.507629416531122
0.7962142471375133 6.759147482227642
1.7293457126792848 6.449337436422704
2.3043551484551954 7.297802900492835
0.9142620996321404 7.434371197317637
1.918332394497867 6.499595274261862
1.5189218915535085 6.43605564064817
2.3178051663950154 7.2703516545648466
1.0871554076890515 6.534970279224213
2.382121484097896 7.013315388643165
2.3305862307628478 7.243603438697132
0.7094789051339839 7.08894869858558
2.33039347706373 6.837770507173964
2.2100092744112283 6.681161707466201
1.4782471310570204 7.61956815151785
1.8783538042508847 6.493996043015688
1.9470357291139495 6.51905255768285
0.8230059374481907 6.745006520606847
1.1153745127092547 7.535509416547061
1.4235992621859639 7.611023573144994
1.1310488314668161 6.523974901596317
0.7931728845480274 6.790388934600418
2.3699505598878035 7.05289935167616
1.5263056843118656 7.6145790859614575
2.35641420756535 6.93588887836119
2.0601512578184584 6.578924033556447
2.3567746285112117 7.123633517917903
2.232851864591592 6.7202951199548835
1.9973822709912743 6.54992671947379
1.4555527944802382 7.604486493837779
1.6503229300062416 6.457221785238254
1.4523880825306734 7.600899401782088
1.4235223270605517 6.460058379868995
1.1043537680455773 6.547754692799932
1.1866021839836127 6.515081070784133
1.7953783914602668 6.485487751115251
1.2016571229926503 7.548072927058135
0.7399828708720041 6.984449723951844
1.0881683714843167 7.501645982256568
0.9826245804150741 7.441088390911421
2.336541831138325 7.131181944058552
2.1647650584269447 7.3934806955005286
0.989924281114945 7.44325459420637
1.8817353199085551 7.541620096345874
0.8899907168088511 6.707706235935272
2.331392529860053 7.122035186250134
1.074894513148592 6.573759666208604
1.982528672486064 7.499984156580509
1.4160144316983958 6.472438063561624
1.2002870150937834 6.522864523326069
1.8027670835347336 6.498142160517363
2.217419910385934 6.739317359820546
2.3025801866248834 6.877781519746272
1.7821506698882024 7.56035310621085
0.7664723469260276 6.934602138419327
0.754160315145681 7.032388809625838
2.242387558335301 6.773486040253763
1.410166168334996 7.576493641070526
1.8059025826623787 6.502617600239499
2.3213893574379636 7.1040006480311675
1.4167291912843671 7.573862788315106
2.2156619056452467 7.316750522576967
2.3098058233566783 7.148216411467514
1.3033464964620207 7.553991668433095
1.9186073738583065 7.513783869499138
1.1946675991911508 7.522927671659141
1.4623647649610239 7.57639478413858
0.91820125448904 7.362427585215611
1.0353303955217514 6.608955277836089
1.1805744669883111 6.539288695838167
1.0621293890492212 6.594910065098594
0.9965613984080435 7.420893733180508
2.3099452178076234 6.940635786992347
2.319786923292054 7.024642023640116
2.173127988099922 6.709669294008957
2.1530485567027906 6.691604368786498
0.9903628623302835 6.645454863283665
1.0925050313305413 7.472736670744398
2.2872501599103074 6.8819278929128815
1.9927405365561746 6.58288607636623
1.9489835567010316 6.562606017311456
0.8789217926771359 6.752923915191287
1.8763988914310374 7.518703816671404
1.2392700243606536 7.527677790140782
2.2769583853858526 7.199498295071481
1.1730827806204192 6.548396363922314
2.068317040150144 7.422761470194711
2.300441798825805 7.109327657872253
1.639181235762727 7.560932569180037
2.0825911598282953 7.410629706222581
1.6430220267156448 7.560181748065279
1.365235249198219 7.549789859916912
1.147647568857113 7.487797251114227
1.613359232213516 7.561830348954754
2.049415677140721 6.6244216559224895
0.8695886901985422 6.779149681954766
0.8181476495963885 7.182359100383038
1.4839679466231486 7.557168648282021
2.2471103385043065 6.834428178346107
1.7939260706853632 6.5200708556499976
1.77531948691467 7.531796557598772
2.2548377099863526 7.206047418247095
2.2049323983582387 6.773332265535215
1.1555424643039747 6.568447063306971
0.8390417301397884 7.216669963305885
1.2182860458933065 6.54483677784426
0.9925109485083905 7.388075652125627
2.2793888641036943 6.927629682741112
0.8181380470281346 7.162243572074823
2.0415718271295296 7.421701757794904
2.1846925888255435 6.754583487347398
2.27929326023666 6.9386638277547
0.8965031695162051 7.291144942178858
0.9100319347455132 6.7509768870773765
2.2867893657782403 7.04131033905097
2.2831820216855854 7.0814807967694104
2.159799864513163 7.320666110045126
0.9796566805155038 6.685715016811647
0.8673242360874189 7.241243855447702
2.03801197958305 6.636427893418674
0.8392519979183283 6.869277994497315
1.0030153566005544 7.381550563486784
0.8627442802172947 7.230144777115232
0.8422160500779385 7.186665291629504
0.84647378791749 6.85979667594556
2.258747482333919 6.907242225112832
2.2274050471932476 6.83658824253231
0.8993992407782971 7.275759864311421
0.8121702904134598 7.041916385468219
1.2070697174664287 6.56348051934471
0.8155231925239725 6.980243283217012
1.0191748690943476 6.664420755300322
0.9647439533788771 7.341093881205736
1.1272011161765731 7.44839089077963
2.2168248534793875 6.826517497460907
1.6683341628504116 6.512747667497782
1.4601753392991024 7.534194198792775
1.0252945529471666 6.661791290468956
0.8170852982611981 7.0489261138097605
2.205066155923137 7.234861802523691
1.2160432184187902 7.479417163218671
2.2198817193555236 6.8428926891125785
1.8581353032073034 7.483514065920854
0.9065665649413523 7.2687450123218165
1.8578406688691618 6.5609828468905445
1.2072015727465284 6.569263477001364
0.8219093777756209 7.022925926425292
1.4974974786362572 7.529642109238962
1.7576100991062487 7.507835969004885
1.6450582870432517 6.515989652825804
2.101338410680093 7.346186530024001
1.8769960728321011 6.570612700983112
1.509111129806055 6.512155449669445
2.1443750679088467 7.303828944005467
0.8437804025302742 7.139358952356582
0.8642820673315083 6.863138810644296
0.8318256611320879 6.971670101129392
1.0048444444350495 7.354522875114457
1.0459131601802474 6.6610062597312165
0.8470134934080426 7.135022202678868
2.2560483045390454 7.022328788648582
1.4605946128383698 6.519526421647997
1.2563973858092474 7.481176644103977
2.045679354184328 7.378366185857239
2.093917534187268 7.3402952415284926
1.4116262548073406 7.510186898626206
0.9463395034791788 6.758945267811392
2.13727778726461 7.291258734425561
0.8714459557303789 7.17236349954692
1.9802387928585112 6.631340989983947
1.2853032903873323 6.55813773019804
2.0987901036274885 6.720296575517781
1.6027064026387805 7.512693606413445
2.078882880737984 7.340297835884461
0.9567424495979532 6.753944924545135
1.0507187077104496 6.670831967450734
2.2371417845126516 7.083565588297893
0.8562953379440419 7.110258752234692
2.1644803993620148 6.798959696237472
0.8517337722684265 6.965530401457797
1.1236196201240511 7.413716490119167
0.9666086914080052 7.298418742528478
1.9767006462310355 7.406046897801515
1.8849271045802396 6.590753624978617
1.3406233665011165 6.549558396342265
0.9139711543121154 7.2269445025885
1.9182802193069253 7.430282805458415
1.1753469845180042 7.431291761016178
0.9066818113404224 7.206835265939347
1.6172922047824252 7.50106123487609
1.6588838532755434 7.497003828116143
0.8957611031730284 6.867197438469824
1.9535512203920624 7.404030685280146
1.0109073050679847 7.319847855731309
1.0317383206507502 7.335305711478515
1.5414344099523665 7.496904330662911
2.1154156335434102 7.278223801410382
1.660279948577832 6.5453961934272105
0.8793340017051587 6.930148410948619
1.9686799440647051 7.390336797704085
1.7506268262170126 7.47222451698083
1.9895162704353786 7.377588391663748
0.9906685248571576 7.292070900452121
1.323964481225228 7.465568767870961
1.076319118217413 6.6800497724175445
1.1307921138477512 7.39072524376255
2.2073067190266844 6.970342660189379
1.3094582662799574 7.458640678743627
1.6487896751633007 6.550352695125657
2.196106790115996 6.924717640125824
1.5980267141165565 7.48596374314581
1.969090950071236 7.380821240337189
2.1404585378426595 7.2251473320205015
0.9476756376537576 6.81342203306806
0.900195728992837 6.9100119194469825
0.8819590945218481 7.006110862117142
1.0447966497440897 7.325792810699104
0.9166202262009373 6.871975179672334
2.101761246730844 7.269332615544341
0.9693050600313763 7.250184391708483
1.8111812090319845 6.589492998595406
1.7951847418938838 6.5849370422963585
1.0936108018585595 7.35898918928291
0.9464977593523094 7.217425305358494
1.8980405991751859 7.409503500908832
0.8897688627165445 6.964294052889719
1.9261923950497284 7.395640480596896
2.200814183420901 7.026336812759663
1.9346138917076472 6.6439680359650275
1.4629773667265606 7.476110050218725
1.8198601638630774 7.43684845508154
1.3764331599741786 6.567131729442982
2.118274127257953 6.79825306099625
1.5246437293224129 7.47438101399265
1.5333865255096786 7.474271210321739
2.1024564199356544 7.251698979135638
1.6397431110531346 6.561002143882808
1.255948116623511 6.605692876215347
1.5516106089495352 6.5576494619282775
1.4240204110242534 6.566569813581941
1.2627387000811143 6.606710201414833
0.9824109807211717 7.237834044545287
1.2982981581272708 7.433937366323474
1.6896999288535257 7.45542525043951
0.9742561410275119 7.225682109169823
1.7966330398535868 7.4308178282036375
1.6453267741489337 7.46023732441773
2.1363439704710108 7.185374258885502
1.754799922030943 6.588396464162662
2.165001332965531 7.120075413723991
2.156591782758243 6.89466788291735
2.1757338440564116 6.965987269992392
1.5598320892457407 6.5637511119209275
1.7546622466656403 6.590011331637291
0.9110148278356376 7.006607667187156
1.7827815021941218 7.428108456325897
1.2509044043869568 6.617864170892722
1.6734153891882482 7.451025717406763
1.0386901388708485 7.284431441052357
0.9314548988352046 7.125428233659658
1.4608262071540472 7.455498883376269
1.9835560946296953 7.334634045914048
0.9159894848227801 6.980462425091339
1.691215520621339 6.580820998033449
1.570872583785493 7.457599880178196
0.9297155015558517 7.111204142066274
2.15268801431695 7.120002097150349
0.9179294169116781 7.001156540685297
1.961298324370184 7.342964692081947
1.5564876875576754 6.57150490893533
2.0707068409335534 6.780846094175793
1.0490323450090138 6.747085284200796
0.9355920162295162 7.1093879482093705
1.0627353271672104 7.293732896664917
1.548400926450559 6.5734910026357065
1.9627012013915186 6.6910956512552
0.9803951350999229 6.834562838258831
1.4897387273822404 6.5793147518515935
1.1615337557441112 7.351767869065449
1.8324319045045356 6.631936699638294
1.285496961279526 7.40451137771732
1.3229759401206456 7.415580477779587
1.9345960149375852 6.681991030019402
1.315361354059284 6.611720271974134
1.6676066141580168 6.589157493402817
0.9437221669991086 6.93677479426631
2.11285547463465 6.863919976278979
2.053939680666482 6.781104947641995
1.3018566235917235 7.40616917992754
0.9452620680955671 7.088491772767261
1.3498166290734832 6.6053342193005875
1.2080392293665032 7.370204594372945
1.3129648465461345 7.406043320022306
1.1179394619140552 7.314347968621645
1.5274569016700135 6.5856255125028245
2.0323732019698837 6.766700347701217
1.6775090593899613 6.597360942108157
1.0057187822394813 6.825716464378905
1.841721414161144 6.645217682404157
2.1411935626451917 7.02199082337582
1.0148431491031251 6.818360726519889
2.103375560413585 7.157871867101151
1.9914790622367518 6.735680475100145
1.7554719782769013 6.6182945240557505
1.4756372327620626 6.593221140478846
1.5535843046322697 6.5907444000443345
2.1336544384222664 6.985205967531907
1.1015860962542852 7.291172057095011
1.3700570519690933 7.410542697239234
1.219310650389081 7.359893372403727
1.7458754520086694 7.402392536082981
2.102743204963036 7.1443915780413505
1.9558734373718045 6.715459600554309
1.7849977203682432 6.63187973006554
1.8853696100752009 6.674627795324543
1.6296937244580347 6.6001892196811776
2.105641226795022 7.130107062853518
1.4550728134928832 7.419781246295109
1.0140593746665076 6.841951813009772
1.689172541780612 7.408297410579477
1.2007595997849585 6.679924544104208
1.9616810747459361 6.729465760778391
1.3152646819307892 6.634466410333987
0.9960132166561236 7.143119471725244
2.109315514290722 6.933145655606335
1.5355617559426777 7.417614951012748
1.9247300904656572 6.7051907198521485
1.2211753816505961 6.672809150655718
1.045857449610983 7.216030828840266
1.9995437693146334 7.25798305925038
1.1326076102508094 6.730137342794756
2.1146363766984284 7.0157222149270915
0.987053840706516 7.10011452978888
1.6335678165574068 6.6114537509624185
1.40336150546482 6.61934554794526
1.9436670435488734 6.726141683432543
2.0982216576080988 6.92953037073152
1.0469426545775544 6.820446274116461
1.2723857163737506 6.659455361439917
1.9493555488733172 6.73438109680755
1.247336274051754 6.6707203824498595
1.0729742029168916 7.2259263563996665
2.1025265126460124 6.99873452952993
1.7236688980304131 7.381392860659512
1.0762370856671106 6.796962018565739
0.9891407322484175 7.04266655059797
2.0294654262896805 6.821446574977756
2.02287573498386 7.208020238570262
1.0303444059204414 7.159899956652477
1.798077528486048 7.356728981323872
2.076973741567479 6.907900357003728
1.3930986191147032 7.383341626509195
1.542964534366723 7.39673260415392
1.610778981480705 7.393709863718657
2.060878489390043 7.141779095952762
1.083670118744671 7.223102411930875
1.7025005764228007 6.635817863671736
1.0250672557681413 6.8825216823327935
1.3440136801588032 7.369048420657661
2.000753002602709 6.796687421185068
1.46053279059936 6.625931882193246
1.6904072061191564 6.635964022971694
1.75554928629325 6.652476962433969
1.730481981542014 6.647382869063193
1.002328954965626 7.004704056427383
1.346215975616648 7.363691099699571
1.8385309021437812 7.32807323376178
1.5564513789016066 7.387560718543024
2.0670826281544863 6.922421044599217
1.3127977363738208 6.663708438549914
1.64783825870748 7.379298323137252
1.914409546513376 7.2825548071768225
2.077058748034897 7.045023271590506
2.0230653285810547 6.842635124022582
1.7348335291385868 6.6541195628001955
1.2501684205845154 6.691996044669279
1.0532962555790424 7.1587001524331795
1.5446518332892325 6.629230571715307
1.9027735521539613 6.730191848306525
1.0446134503581832 6.880427909193582
2.0724823934236607 7.02880400309128
1.6757429239217219 7.36781005621954
1.2535037951803052 6.69528158391707
2.0539908226724037 6.917587474742277
1.3699839055233713 7.358033573888393
1.743771966405421 7.350713661261335
1.3504409381295455 7.352440555109435
1.566116079512444 6.634688228319781
1.7578300803272358 6.667583297192098
2.0290096036728396 6.869417309974507
2.066341695348094 7.029728591178311
1.025748270067201 7.065463517098911
1.8814915808813926 7.289114331196024
1.0236250615923537 6.983486594609709
1.8440726111767591 6.708959338586289
1.0666719982638577 7.14741692249069
1.1970903440402048 7.276054351415571
1.9304414568133066 7.2469494538019905
1.9531331858356802 6.788067527953019
1.6476561232129427 7.36057930341759
1.0546735448273206 7.11799979532292
1.1275090754089203 7.218451315306589
2.022757880951353 7.132215460103842
1.5927896303806997 6.647323081362658
1.095228035599421 6.838964920064212
1.2737738733817692 7.306591046255189
1.7315432384922236 6.675426678548404
1.318528762276464 6.6878770991338365
2.043698501336802 6.984246576888184
1.8838990676128247 6.747991017735294
1.109184009164406 7.178617223863788
1.7919386348733606 7.308932791480933
1.1809349747875215 7.244307059431232
1.0728557012046789 6.900142150373658
1.0731183980347265 7.111635492597003
1.894822749728167 6.761472563298723
1.0917937982844699 7.144993477201281
1.8643727570962052 6.741664991431941
1.5652047280696046 6.65734528434921
1.3692996991344863 7.328155385302246
2.00322396024352 7.124634356900725
1.6780934816637452 6.671969623633537
1.7282427977253687 6.68560556022382
2.0282706423144936 7.02661597528312
1.069845392785604 6.932908472322239
1.919606294770917 6.790313647179556
1.2255900511439948 7.262298573002365
1.9118479194219342 7.226281760122497
2.0260288964924236 6.989290286645965
1.2242937019534839 7.258505450417783
1.48670832817499 7.340402725421118
1.7219577535956119 6.691393391630957
1.3787593852802091 7.318675226230111
1.2308158372266484 7.256949882424988
1.3971390497834466 6.6839661464597615
2.0155701940184545 6.972620107474798
1.4843478508799335 7.3359932612275704
1.264356602246327 7.273982577825812
2.00880445501473 7.05812602648
1.1138920906194714 7.142345111452037
1.2206570551672384 7.245656189180059
2.011450767889553 6.996794906420778
1.07958601230536 7.025455767557368
1.9828318359299957 7.110098181956993
1.593656157363999 6.677801012215088
1.7315368049732174 6.705377411844282
1.6647440990718445 7.315297741733772
1.2726707498852967 6.741135407996363
1.8248297185738438 7.258925091862528
1.9299867704022953 6.829993703657866
1.7906318369084662 7.274085212611389
1.9973735461418878 7.019041343642108
1.6430402758159024 7.315475190740747
1.1404597278530888 6.856776196046082
1.810489066425337 7.261286835808139
1.3415090369421767 6.716839619885264
1.0959416228109147 6.984809522010985
1.9909864178721217 7.003125874321285
1.9797052554040249 6.938063599170531
1.520663194578002 7.316351137306042
1.2484123176341173 7.238695525089108
1.7384697738464905 6.721506305837685
1.2005007474027416 7.198290637955388
1.6757070880892417 7.297952253964109
1.3980508802897202 7.294119088144699
1.8730088267915752 7.206707746019223
1.1182619684712012 7.074564086406441
1.1073522241496199 7.0104186934874395
1.197237915654864 6.816683726536022
1.2719791270505885 6.762389226478637
1.1618476592456317 7.148522002394331
1.8660284275673944 7.2035202136792575
1.7417155089992986 6.733259276184653
1.8186669279266283 7.231565670527747
1.9656000408706564 6.969557676484257
1.557024758004456 7.299795540948376
1.1232888729407247 6.978265143240114
1.5945443975690765 6.705404041070786
1.6596156874434087 7.284298807974386
1.8997179797339114 6.8472127658750175
1.9292757418455113 7.114360704489507
1.5807352116115325 6.7065513730891375
1.6147682610492111 6.711408784956947
1.525043399548887 7.2923906147467985
1.1757037919562952 7.131881817021989
1.4193400990625638 7.275815554600503
1.1638186799407086 6.895583221646085
1.459909146987306 7.278672979754916
1.7160105330751474 6.742051207087875
1.3887943891822598 7.262849384528986
1.8406394520188392 7.191740479236465
1.9301571836297584 6.925543231476902
1.4134995528657976 6.732629016328946
1.4134705517016073 6.73285265068004
1.697203503550433 6.74213505775783
1.6887716655856204 7.256542685888682
1.35263801989906 7.240341656504797
1.350571832100853 6.759494063340464
1.465124247631639 6.73005077962607
1.525842767318582 6.724666600445008
1.4427270939602046 7.262536552771429
1.6931232645715364 7.2498802837578245
1.7287890291771313 7.237458240167883
1.755379360563805 6.774664348410174
1.1658466441410664 6.998489021596239
1.4764393422354076 7.260148465153429
1.208461446743163 7.117966067653033
1.1710163313133957 7.000697618740946
1.8232368939799704 6.827336818298857
1.6065661700419163 7.253620243692234
1.2006874483900782 7.089374353942342
1.2067768846794107 7.09397511132548
1.7475913236652132 7.209737386882853
1.6831448993562246 7.233282684924718
1.404048281599965 6.76214026988786
1.8426733791728478 7.139647253139377
1.2810452060230006 7.16850481063207
1.812130299712501 7.161902521683031
1.5556176336092271 7.247945931487466
1.663213796918082 7.233501030790589
1.353615383209501 6.785778457458167
1.3402540753508978 7.202163408333906
1.3408569679055797 6.7929012249635
1.547475560641034 7.246568469803705
1.8842390342330517 7.056920607154964
1.691480562770887 6.772636486200257
1.8588793828817423 7.104715423433642
1.64247764333767 7.23416060936159
1.3001883243953398 7.1742957838734185
1.8265226948522926 7.139183478961947
1.5363643017259583 7.241556753051338
1.8871194233949076 7.003828421825123
1.4268056612798823 6.769126522614083
1.391978206361399 7.212715387820612
1.3098561872893923 7.172623175155089
1.8526529043167195 6.899050528916053
1.8500225415166 7.099474695540369
1.6009778808136377 6.762973979357081
1.4277825186596256 7.217577682979873
1.740675484224889 7.1865221311962735
1.7982903151972798 6.846682203029627
1.8688338165595146 7.035031498949032
1.8677233759373775 7.0178775690678705
1.3238270727689345 7.1628157960154
1.807111306177176 6.867277118078779
1.2238765405458882 6.983774977780928
1.484616740150363 7.216229038245341
1.466632311781122 6.778445744832162
1.5194734935456795 7.218741346234314
1.233979479528779 6.956562262883575
1.6957268340035359 6.803892741918499
1.42624137792035 7.198848136436564
1.851751340510135 7.015604090454163
1.3537636052329483 7.1675560780079195
1.7025467312144724 6.809510788614009
1.4127057993142975 7.192216261279905
1.8081208567018614 6.887306128015415
1.3228621089823784 6.847266094322624
1.7566530873618666 7.1461955490961335
1.5358927702874152 7.207859022147134
1.2442273918686788 6.979567957447167
1.598592899695384 7.203194885306478
1.2764313100583267 7.09002488198101
1.7755808175250023 6.864561077408298
1.3319087928389748 7.140782335260183
1.4490769136540553 6.797275972800726
1.4056128239434396 7.178658791950352
1.8331913339821115 7.0266179725849724
1.2858857752257016 7.082069625515494
1.3462078776163082 7.1405589971464964
1.5820824306027563 6.795046715657389
1.2828318036712352 6.915890455663956
1.81035524554641 7.0617279717652695
1.2879772617322396 6.929478607750768
1.6764363147788053 6.828912023342092
1.3217065011727247 7.101133297785642
1.2938137054577403 7.063688609993646
1.7087383321107565 6.845484722345074
1.691823593938047 6.8383113806000795
1.710057946886652 7.13825360552823
1.7365580009552821 6.867871496408659
1.6718661353297075 6.831644035657272
1.5441424876895242 6.8088686973033665
1.7860687390280918 7.0622102096267145
1.8009771502056156 6.971561107682142
1.3059752880738484 6.92159476728432
1.7640043551355256 7.0875309946719565
1.291312230104841 6.9734294524111515
1.4026357557568288 7.141987847735493
1.7875081063702392 6.949616398186808
1.5497518146713707 7.167744636925551
1.5327748628332527 7.164960986946417
1.7364421861214885 6.890937671504446
1.6270020589929 6.835106717653848
1.4814359920071447 6.830625708428371
1.7725838998696786 7.028130337632246
1.5755113106595209 7.156449943549832
1.723338295843565 7.097364433312073
1.7568599146136874 7.057760872752611
1.313064920257604 6.978961928341468
1.395941797715159 7.118682056806076
1.434939272252772 6.848970343081799
1.316323051452557 7.012866766307722
1.3560638137091559 6.902452297792107
1.348743610780325 6.912130173459646
1.7637603724641326 6.967586665376643
1.368788321390738 7.089159272674674
1.75688800451573 7.026680327858024
1.3437117031006127 7.053754328812825
1.7424831177382236 6.943619675428966
1.7486330562087646 7.02380326824747
1.3481904562278597 7.046535588052141
1.685535838308606 6.884820705546306
1.373812715119922 7.077782757724751
1.3656701427025053 6.9165478376027565
1.388059533365987 7.085502708707918
1.7438313600340525 6.998282413648421
1.3506376826855158 7.026103439078877
1.624647007153957 6.864100728386448
1.6754920556305377 6.889463224096822
1.3929663974790367 7.080836561364635
1.4088797061450198 7.091353784530825
1.7078647330442498 7.063340713819689
1.7346395839961857 7.005597441622342
1.3892329982681582 6.914162808430312
1.3562681106582173 6.985545921681529
1.7267509193163972 6.96511262436508
1.4122146285061565 6.8975978359520065
1.5734368111223969 7.121927611889801
1.6900179369038517 7.072632288103568
1.5854985754821267 6.866934907709725
1.407356404654994 6.909021985331306
1.6757557137246513 7.0740402212984
1.6615901468878884 7.077701292518449
1.597346830118341 6.8782511424967465
1.5004409859780692 7.10630095456211
1.5502381321400602 6.873289755731148
1.3794198914361449 7.013047154345598
1.6641752764748294 7.071630191666511
1.5381294273007988 7.107957845363655
1.5590161094089974 7.100540554575172
1.6305679682734298 7.082045932008496
1.6428434796942728 7.074821084575223
1.4476358012800794 6.906201679018666
1.4943826515190415 7.0874136954186
1.6659814942321503 6.939563430064016
1.5889427085857832 6.897099088511794
1.6306332477534038 7.065903697931293
1.6481627576341171 7.048732147603128
1.5560484581297955 6.897591297270472
1.5669706437501825 7.08120580051813
1.6689901374553728 7.013774895645294
1.56967484230535 7.080163086485931
1.4171889531118156 6.989101926001945
1.599969727429951 7.067403293765892
1.4844137830448736 7.065838291921178
1.4590320793342144 7.051777089727085
1.5160719286387154 6.910423255964611
1.540630876042873 7.071558194610015
1.5793106299737791 7.066363855257935
1.5950495629145762 7.058959561467187
1.4764932332626755 7.047375223965746
1.6358110766091216 7.021322369390425
1.6380788820686576 6.971203963767049
1.6001792383880054 6.936035456172825
1.4946397646698726 6.932379839437689
1.6343666314185064 6.983705780507154
1.4547797454707356 6.989277160423462
1.6296319422936854 6.9938268498461476
1.525292538324011 6.93342492923409
1.575831092925923 6.937478238031866
1.4884064032346376 7.015233895909976
1.6067893946465621 6.98838598381946
1.5195573164318272 7.028903641095809
1.4842120196289486 6.988672493582607
1.501514738882287 7.017730199329986
1.5094931172844983 6.962213931197515
1.5892824036057673 6.97629172104512
1.5390831511421736 6.957809062369962
1.5106789248026065 7.001617636141027
1.5515806003364845 7.008119572324828
1.537430052514976 7.0072175643405155
