mu sigma
2.302377448673609 5.466326398325287
4.19996594236793 5.0594498613062635
2.8849441785670464 3.5032241496367464
3.728613655231059 3.6852970663595888
4.012499526252932 3.8944336413643375
3.728384115517076 3.70628246309684
2.5562721732352363 5.3897455883596495
1.6913742352678687 4.239008607224766
1.6497757379816798 4.586984058327352
2.6290538800740277 3.576910241852151
2.9746996571850937 5.393630121887729
2.541413666070782 3.627424365936716
3.111785542167295 3.600839569861301
3.542071988203894 5.206516418525456
3.703081593091021 3.791726065277414
1.790567792063349 4.328468223854727
2.9258365464579015 5.295103656876586
4.068442553904891 4.172719796054042
2.9138786136639574 3.614916834225995
4.035321335998566 4.135123875325843
4.089374234946131 4.24760756718618
3.9443559778721293 4.911189701346433
4.050968922512277 4.746114327386101
3.833300480901466 3.9242386648433576
2.0931533304400918 4.984442774060838
2.9544724961891964 3.6274351834145273
2.678077811359122 3.657760592330977
2.6009591533717726 5.200182064746549
3.280947924807568 5.200873060238493
3.765915299871648 3.9021957839770813
3.4321791601164104 3.7260205033153233
4.013880445816698 4.21249314214863
2.771640351073861 3.6625186269213397
3.3904221487150474 3.722323952755352
4.039923411452927 4.343679543204891
3.8465906818660685 3.996868555278872
1.888394576590378 4.533197515515101
2.5528245600255692 3.720569938736091
2.0587701395357643 4.023682526101105
1.9254555413119139 -4.636674696910703
2.592443286352474 5.1408772610258815
2.5009204442569226 3.7435163523906536
3.609254878487242 3.8306868562060603
2.375513904744809 5.060053540953023
2.355239282700529 3.815203843293225
1.9701874288547512 4.216752295955786
1.9272939695132647 4.409755651361511
2.598390752255584 5.10611161268335
2.5035771370044606 5.068718914201855
3.3243018824058606 5.095323077401078
1.947876280054939 4.356477398761731
2.740096525411258 5.122583869502268
2.379943948264712 5.010654143121654
3.0849895255821895 3.6987532095549205
2.0774556471665875 4.0775147683586725
3.6280480127881822 3.8813809587844665
3.114336500594112 5.122133886153209
2.017673724659887 4.678745272740226
3.4384686484266793 3.785937284751296
2.2742510366675477 4.941503512427718
3.111763325681318 5.115269519404774
3.7483046452975004 3.982633895832736
2.6506852001451566 3.7402670943127156
3.5762434686173536 3.8621153307553544
2.3165082543563438 3.882968265668504
2.4347903219582125 3.8187463613884005
2.3221216038487897 4.954525338113822
3.9335613022004354 4.278301472533317
3.1509174452164417 5.100834043332054
3.255116775712107 3.739822567174817
3.5837737082770955 3.871604631655657
3.24316252294733 3.7404644800392646
2.870420197023975 5.102175010775843
1.9985543905082 4.5459446923210205
2.5253303549364743 5.021768511409621
3.3699027282542082 5.031722882720941
3.717121615870021 3.9879399619328493
2.7723863007925704 5.073607266508953
3.919740314514159 4.442903439601663
2.6681989997615956 3.7595000377734995
3.714425279808941 3.9948325208614612
3.5071717788804144 3.8516534334910615
2.7055003088781002 5.052306450360677
2.699349848452523 3.755715243526321
3.5518171542345254 4.935878033086704
2.929380046143749 5.0741552259993625
2.5363400620935885 5.00196229948703
2.1923139457897354 4.797988758775641
3.420935298902327 4.98651387622776
3.6150687279011446 4.888330598952202
3.885513492148088 4.534692357251483
3.213781892028014 3.762986966194855
2.575037486482405 3.800624425164607
3.4664573471954885 4.959848865848061
2.1566952129196935 4.081122272091496
3.8307780530945053 4.1728163141313335
3.2586786276914084 3.774072439525934
3.0864742200402313 5.048768010836983
2.6894490654804137 3.772161918929014
3.347932649068111 4.99586296780253
2.9001046967564412 5.051156454429268
3.725760175954953 4.777412043646955
3.8737842797548745 4.303364701263309
3.0542163196963057 3.7468994459598046
3.3369794067040637 3.802600704991275
2.459948434063528 3.8558644175508077
2.656693891830599 3.7861891410970396
2.3877174089362247 4.905049033645099
2.9582058244621674 3.747716041327357
2.0651300856436405 4.3115398399432685
2.209058881680516 4.763747310838936
2.8274047126765494 5.031437699350418
3.35587169090235 4.976828858659166
2.0783170073592654 4.542817297805016
3.272891823239667 3.793246076812721
2.1194126588426156 4.636050631701571
3.2616143548796885 3.794693196957434
2.5199817227217234 3.846353612359663
3.750345959121095 4.696713676441969
2.084569719788342 4.310971339564369
3.8054438807213087 4.603556160323248
2.26688617830876 4.014667827099205
3.1396682345290734 5.003754652401242
3.798594321403173 4.2014468272463805
3.5267106543311177 3.9156089769634335
3.0102859257714325 3.7658716123979223
2.469103553833069 3.8786123303087963
2.8874755115540407 3.7705511615690517
2.612226750750339 3.8227837151641157
2.5924013427139907 4.953636571842565
2.3707259228529685 4.851285786718698
2.3147751507169443 4.810828579864106
2.2845996063653997 4.010888383208145
3.469876724804735 3.8914813108890023
2.1812727992817864 4.670274646358922
2.6492295861632114 4.965080004523072
2.2983479565084655 4.793237937582771
2.1009670117250243 4.4744425987072605
2.3059051621125914 3.995229707821943
3.054289381244439 3.777672307256616
3.3974506276169807 3.861405985018749
2.1479880020955715 4.200012772863967
2.1409053426348184 4.568704505914457
2.4685571248100517 3.8952389306655792
2.9302369567829336 4.991522434416018
2.145603653924529 4.575355359045114
3.6052472349645854 3.9962675205279483
2.8265226343823464 3.7898577772528577
3.604125098759628 3.9984415293706514
2.9312050852062477 3.7837980656627153
2.183337921030234 4.162102993110771
3.4067982510877144 3.8785610316118735
2.4457866114851976 3.91668646437322
2.1651737052507323 4.201572756600677
3.7285744922902686 4.144339816745022
3.255174275844796 3.824874708657025
3.6367995452008244 4.0337355807240165
2.2576633093734193 4.070540675642574
2.8283743849992873 4.970435292326998
3.298726414660614 3.841305367813592
3.17301996785461 3.810060479865374
2.327537368880971 4.773342310779336
2.442377317955377 3.9255738589782485
3.49587150854269 4.841837498083228
3.592835947630612 4.003172252880051
3.248943384588768 3.832108973677148
2.600467243233681 3.8575355290796343
3.5442059164258595 3.9745184854400364
3.7857783531798255 4.390706369856191
3.7623858149911866 4.524185581525375
2.265436196120799 4.084586864863815
3.724247753786432 4.6019973611801746
3.78015293297279 4.407722207473384
3.184889319211732 4.9374704649912955
3.7714377099069543 4.3189211770955325
2.14979897767823 4.4112662939910035
2.900853494437824 3.8051856281551153
3.752916250961516 4.515477820177132
2.299536395026348 4.060174126610226
3.166377111765872 4.933135122551667
2.1813558005238214 4.251180628676206
2.514141188600465 4.85005703452905
2.1640858329247763 4.401737667461727
2.9757880663115697 4.942699506144639
3.2794076030622965 3.8594939028770208
2.1731195426014054 4.313378777205818
2.5643204646934596 3.8920791553329352
2.355728016592769 4.02029836154525
3.4078050870837404 4.844896777296692
2.2134344087020863 4.2039001568139875
3.2387085838946312 4.9038347345495055
3.72740560749638 4.237339904752217
2.737669156988056 3.8388683664071532
3.5485788810025483 4.755931448946624
3.222886446374376 4.90384641863349
2.486586779355188 3.9350883789849425
3.3885126029754744 4.84856741192914
2.1755647567701626 4.370026700158919
2.6232045681189717 4.878997497800415
3.4155306014855453 4.82879198444924
3.581463981024984 4.7167553302333305
3.4769019884947947 3.965531661411541
2.8195976532514138 3.832998315647101
3.7380764057156544 4.342977761799702
3.1625967715932752 4.905537380596362
2.2976813775083356 4.663700567021375
3.7388335016301895 4.368182652181342
3.1056557799398266 3.834268115447988
3.6738433190948445 4.1650265360876055
2.3116939760486956 4.085571053329302
3.334916651282236 3.895319179616472
2.8556047025057696 4.914505448713151
2.6986102476821947 4.887061776951729
3.0500982446565694 4.913030199402491
2.647088608641372 3.8785466625930782
3.338129863788117 3.9022590125264403
2.3105924874170696 4.0979249873132515
3.407261086048466 3.934935026534597
2.878549948342496 3.834873706497788
2.2029803478738774 4.348899067299576
3.6439954983756895 4.140360089657278
3.6473119695118204 4.614668070507279
2.7069160476561116 4.878805518783781
3.322240219090533 3.899091882236246
3.7183491627038627 4.434779202910752
3.568204261198477 4.054012983014645
3.2753324187914576 4.861198239899412
3.309316207653806 4.848683241277211
3.650856439493418 4.600917780484401
3.0452895228275683 3.838874005842543
2.8440570011937676 3.842833176237448
3.1400279072275827 3.851536452890962
2.878396844595972 3.840585548160054
3.377316879630018 3.928691360212433
2.424780962383384 4.745771125509721
2.3427073123271733 4.0785013686969815
3.0324292207807626 4.898906456330556
2.217239866409857 4.430345787644378
3.710661168618352 4.41125000947157
2.3340727267892936 4.663049963990393
2.6346392730542156 3.895909341064717
3.6180844674170163 4.631632858601725
2.2240445946715934 4.308344007070574
2.5236188506768396 3.946056945576831
3.6942244796954204 4.4826489242781165
3.089398750856945 3.8494543987641583
2.397802543640922 4.033356067292575
3.7056625351057138 4.405933382589903
2.7766929763629733 3.8599227110779424
3.150941778001214 3.860907003065716
3.3486038723502762 4.819238387053603
2.222550999443265 4.374024491136094
2.6367313227690197 3.899909142241752
3.7011050504810283 4.336242496651458
3.6241819565860065 4.141079675369198
3.6910745336580257 4.470071272468245
3.517901770807872 4.028539684522572
3.566932722618327 4.675497726635056
3.5935483617638706 4.64253625607612
3.646619369195743 4.555814275751772
3.6110912358806484 4.14206889703945
3.0171965066846664 4.878504227321461
2.721608613633344 3.882876053504811
2.3851536264226256 4.681994701668758
3.122850900989314 3.866721687172253
2.2856157210306125 4.552378219810535
3.1661564268121287 3.875163685900926
2.2437029870378358 4.421669408881042
3.6220870112981154 4.582436853091407
3.5221776202811554 4.6946567102394
3.683630813584465 4.345126166949358
3.506818605074906 -4.706573508293479
2.369526061644567 4.659858679980962
2.7045491704946185 3.8917574293900246
3.6773815429907906 4.425158275709366
3.3195166400682536 4.807822604846221
2.717506226087825 4.842647871586241
3.179604541703927 4.848931838647024
3.611111664104177 4.15866659780927
3.5722225223533868 4.108328188749979
2.595700668491437 4.799654552895588
3.1954217271885854 3.8879989974344826
2.5515843292670572 4.77963002014598
3.0729723113974323 3.8659627348674777
3.1878111637772157 4.8429542123024785
3.588217914633854 4.6109403776178945
3.5137526824298453 4.686954462980927
3.513250872649292 4.686295107463698
3.3536206185835673 3.9478246737677543
2.763990334817589 4.840973238851076
2.6312367340492044 3.9269208269815508
3.65794546082362 4.443425904896799
2.303985387964797 4.5386457060604375
3.480816155458572 4.034632317882739
2.644080761401352 4.8041306652032665
3.138653324748334 4.841322251902232
3.4016453045499935 3.9820757953342727
3.032024652656063 3.8710051477667977
3.658016310481082 4.3362530504993995
3.6583904281724524 4.34550855723677
2.922132009305554 4.853910847437286
3.0859816324446223 3.8777483247806495
2.5878853695567234 3.950740994134081
3.6561797542366525 4.407909251442664
2.2810370919600547 4.282303404599031
2.671257889119387 3.9182986318820285
2.27623489347624 4.428719752177182
2.842446745268872 4.843974610354249
3.522199161007635 4.08128501880929
3.281684902546087 4.794917041738225
2.690531354210081 3.916209192304253
2.523891887726622 3.9924025767286073
3.6295269184857797 4.475332556268109
3.4676859019452926 4.042491249869774
2.847989474501104 4.834154242268394
2.392086949237348 4.624360245141669
3.6403775346327896 4.396285171513285
3.167390622824678 4.817771794286442
3.62508931572882 4.265585361698292
3.3723380154693143 3.9807787236566994
3.2874780993492183 4.781208335746336
3.3652764451206885 4.744319123880071
3.371460902331947 3.984133042606057
3.246174088801493 4.792094228372813
2.5610380392020082 4.742855613903886
2.2963954833272804 4.31145494141026
3.2227300548214326 3.9217613356694114
3.6328753238021916 4.331791903441817
2.5400139942072375 4.730348147856275
3.036037200685825 3.8874666655653596
2.483281435799025 4.692953457133605
2.8249498337820342 4.821799912069086
2.9621735774985587 3.8881273429734313
2.972962843619423 -4.827343940586246
2.9359053373793373 4.826786585753456
2.8623928894034654 3.8941731594549465
2.3069002732641004 4.428190984793432
3.555538965228386 4.572174821524856
3.6071231485768283 4.260973032941658
2.3031932216776845 4.364488102343519
2.3042893054234046 4.377568536108095
2.915959343307671 3.891801119098575
2.728592319324207 3.9231640623616837
2.707245534429357 4.785990829322617
3.6061857848424563 4.271363912080525
3.6115212005759867 4.293223717954007
3.478574089077658 4.647801488785778
2.372853173477527 4.16348498862864
3.6071350601379493 4.28484169201862
3.0410940293080455 3.898131018709036
2.3242825108603697 4.275604014399168
3.103837319354306 3.9066453557366336
3.6093793991894496 4.3086718758438725
3.5719048062029986 4.200899665128073
2.388044354546259 4.149006594887096
2.753643452015578 3.922432490660397
3.476239909924908 4.0817518659761785
2.960214305234774 3.897893341463885
2.34526252912491 4.2311620794169
3.46703643231941 4.0752245150385065
2.738572588004865 3.9285780770843326
3.178688814983846 3.926137259496844
3.252516664289733 3.9492491612762577
2.6561625707672043 3.9562265344821017
2.5308314260698475 4.0215481604988215
2.843441640791233 4.802242673431149
3.5584833591870915 4.5322141619361656
3.263053105201569 4.756553937703457
2.6079498719826724 3.98169654895984
2.3264719978902444 4.368903735164503
2.3297503006130773 4.317897392229364
2.36205589782681 4.508123610537473
2.8475257950804473 3.9119586764655816
2.729048732176563 4.773908848160179
2.4525451926143322 4.091762641231885
3.3219974789060864 3.9855970424159213
3.596585231055161 4.366002171099362
3.595984153796392 4.3566115039718305
3.1351932942630993 4.7853984950125374
2.6866642548606388 3.9533373736463977
2.8806559479427016 4.797570677032326
3.591570158877093 4.396745267846849
3.2743936551567128 4.7430596550564115
3.55675490771469 4.21564880789833
2.546200903716157 4.025608028629236
3.463992805783746 4.6245677362366795
2.8745753292471172 3.914793215989745
2.348194652493418 4.440581687660717
3.570281441663151 4.252958875798219
3.42645023614409 4.654878301463246
2.3524407888088907 4.273905913489262
3.54618746291449 -4.207982765565644
2.5874600121311597 4.005930738212139
2.7877647511535133 3.9325956384692264
3.536922796678027 4.522638335569447
2.349825641763315 4.411454512985447
3.5663024588690897 4.454354487119655
2.3961372059360273 4.523905632012154
3.1743241002848936 3.945424351113638
3.0037528024636337 4.7820816496864955
2.353965877075173 4.358752825234863
2.7696451443892025 3.9430683894924465
2.7822934275852425 3.9404823810450678
3.538178029680101 4.499274594594411
2.9022359536151288 4.779919474279929
3.3003439849296616 3.9947371143610977
2.390368854534726 4.212670695281745
3.4232980899063086 4.636645406258974
2.5407048168138413 4.663107146890914
2.7304826609890642 3.9556371352135162
3.4275637809373514 4.079069483470127
3.5694887346433517 4.351374197764236
2.357793517002005 4.366821377680684
2.687649888977782 3.970741887304949
2.91688497267521 3.9244947832135417
3.381265020118338 4.046076440501397
2.5319507400761614 4.056207614350514
2.4445966625929163 4.572718920241785
2.9140189996618377 3.925438730239156
3.557100555365594 -4.42969364055854
3.5426633267349805 4.46951556978188
3.1740455422916583 3.952987334333802
2.3634253494983732 4.349873683728973
2.529450258200273 4.646666277308537
3.5499709297759727 4.2687036665292135
2.888273194396232 4.771061960836941
2.5260582085369365 4.064541337040812
2.817988077458473 3.9396676097758525
2.7196359920990445 4.737382720256749
3.17199684595606 4.746058281613448
2.5260148661549073 4.067030314519785
2.9938056317950266 4.770763351188285
2.8177537611962817 4.758171890448245
2.3825978094806772 4.267538691705716
2.515673587094408 4.077667478393138
2.918088845504521 4.767996535398197
3.384528407876529 4.648060202630239
3.547399698090109 4.283879540003607
2.468936874526054 4.123658805278407
3.3732590654244152 -4.654552351099552
3.269521813294896 4.7084336067739745
2.758504428774469 3.9585127741538897
2.4378181095928166 4.541847850019305
3.3104115242997914 4.687631295625585
3.5205642340010126 4.4884755052845
3.5238862003263565 4.230002162504952
2.7107836346513077 4.7250614625286955
3.4260240142578224 4.608538575974054
2.820068621235027 4.751926800136211
2.6740622330790993 3.9895736158523123
3.091040232868584 3.9444735645868922
2.6178913766278202 4.016525914759955
2.554457858529131 4.05595091917253
3.1502813663487794 3.9570055293498503
2.5282986826209553 4.6269471584624355
2.634722651758684 4.690348601963137
3.267082842395112 3.9985063098788225
2.382989777672023 4.382610231827783
3.3443534163050663 4.040142969564629
3.2225022476391216 4.715695040698686
3.199064307728679 4.721731859430273
3.52285428463556 4.4527710695644185
2.387795443565169 4.32996255380449
3.4179649803263032 4.60231073906801
2.597850126586963 4.665073047894978
3.510710669702571 4.477595557314985
3.5001744503105443 4.211641532750812
3.421099207231173 4.107965149932748
3.2385006608411637 4.702736759791302
3.394240986830017 4.6151131929644995
2.923020810354188 4.749476981179046
2.402426606384217 4.282397082448469
2.429330538534519 4.4913297828672905
2.749295019300248 4.7204819144786585
2.6830911892053537 3.9981328619074117
2.999801914292519 4.747830819661851
3.205791405203774 3.9852910922357143
3.3279809206708117 4.042299562505966
2.4808337846253075 4.141203749876216
2.576542992479478 4.64184558430895
2.5671291363908892 4.635598954916834
3.3360825950108017 4.6500670425029025
3.3884196586752826 4.613738082802105
2.4854109283607357 4.563899255435737
3.320851178837029 4.0398698590832245
3.2365306109110517 3.998874903750414
2.9673821615608906 3.9476533189321454
2.5289862811665778 4.096852686700275
2.7853313600083593 4.721747447105433
2.912577297558287 3.9516574436834304
3.4364037976976585 4.55726492349257
3.1165094976547003 3.96730016745087
3.2134718418673693 4.697576990472943
2.417071074883675 4.421737021120385
3.0801899840827582 4.72672809452569
3.510140987046878 4.302383476069443
3.101812138975531 3.968332895086689
2.4280434414578203 4.432594541942865
2.6901892853455074 4.681920919430515
3.1611537682534854 4.706680633189004
3.391308502721533 4.1063252017303
3.404058645350263 4.120287423169776
2.9972661061789756 4.72953788444087
3.0853727180098525 3.9683109330264617
3.3873035439614276 4.589729820544225
3.3549923061859404 4.079634693914184
3.2977411479836145 4.647914141661368
3.4747313920987937 4.47599697267527
2.4217484535161944 4.3421650749178005
3.072535182289447 4.719293529528737
3.479318720326329 4.463896830886545
2.598270939750729 4.064103070193853
2.494097955350116 4.158185024180418
2.8080663288434353 3.9788586294883475
3.2968159205226146 4.644614075718394
2.4385515570192196 4.265783571859328
2.5271923494392845 4.568830405562802
2.688274845350211 4.018543546509463
2.759187865636077 4.694243088234748
3.4668455230779633 4.475459105977653
3.2060410172293246 4.681278516570764
3.4595835208150194 4.208522803089933
3.4722109803100887 4.235585736617552
3.1888130029134145 4.685417213250555
3.410072536668867 4.141454598220428
3.311937851032707 4.628213454958435
2.488398995215956 4.514341144804959
3.414948887870667 4.54195728037941
3.48391001339103 4.279573730754495
2.5994057021077217 4.073453594947557
3.4407173284956056 4.186430985024239
2.6710182692705176 4.0338359544155615
3.4169117327695435 4.156572234491421
3.061992262756035 4.708385723169078
3.133540125822986 3.990415942211825
2.7274772689384656 4.675717396961634
2.4704252250774594 4.475163083616479
3.4852229175438953 4.312641382300018
2.9220559766826226 3.9728261016972084
2.818716612486409 3.9869548662795466
2.4707448492612403 4.469083243572406
2.75985386160524 4.003338944311143
2.558367294120503 4.575221596523955
2.540554294266571 4.131918569087686
3.459265930720649 4.238786529215843
2.7944724689678644 3.9952784576395195
2.922550566376232 3.9766767730391543
2.9216772468650767 3.976892484039745
3.0103551912540465 4.70495185390933
2.8840891101348523 3.9807712461655984
3.202332309195263 4.6655458897156885
2.5584102159857918 4.569880882557581
3.3072723800905557 4.071802671986891
3.1548523215744937 4.003632470578822
2.5698505907352636 4.111174775377049
2.8783734360342805 4.6984438046767885
2.7425905156431503 4.668818976806381
2.8711936849672637 4.6963399586733505
2.4719809058240165 4.248318777357216
2.516563494493657 4.517124020644895
3.4700236076121302 4.317505762607432
2.6734235105348576 4.0470124293008425
3.1116121702570485 3.9975940058024673
2.509591067337913 4.186494963248006
2.8572509619908875 3.9908367748037854
3.4670895201486838 4.360106260078912
3.353158585082504 4.568199358770045
3.232601932598877 -4.041196077380157
3.0873574824919263 3.9959070776332655
3.2951979288298467 4.07683249149915
2.4871799461532462 4.235723763247388
3.254855056865109 4.0540994165950135
3.450720545065819 4.418926846186047
2.552477133234702 4.540909216092818
2.827239649519091 4.678101187584568
2.4689200482802383 4.311692560381202
3.0988195080976166 4.677374425965829
3.302138747778266 4.085942227139611
3.011790551402148 3.9908417435462598
2.8252720038841628 4.004295928440232
3.3518293612671117 4.12817648842432
2.4829845682375464 4.270328225128314
3.2173722644420804 4.042670538599112
3.3079278285851688 4.094219266924428
2.7895939547524042 4.016157594731004
3.3658800255970447 4.5372413324892955
2.684602813320785 4.623473379774534
3.450178058777246 4.368414202437551
3.4495518909180016 4.319320404141604
3.3518752236691394 4.5488893735797244
2.494181988919241 4.433330414444095
3.398665072730062 4.495167518345418
3.417479227635205 4.221212355974175
2.4824258740919776 4.375968895990459
2.580744614383942 4.1324459275285825
3.0557976705995453 4.673266113478089
2.4913441204209024 4.412418127321792
2.8600011342718847 4.004867596329316
2.517544890803514 4.212054239998377
2.998458436693469 4.677815745968405
2.84112707913702 4.008721346443078
3.367489512413938 4.524734009364541
2.9442655250371086 3.998978851104229
3.3268084869312675 4.119708041068336
2.7644178254194065 4.030350036076942
2.7763131791674622 4.026882824595044
3.1979944472538957 4.633364799956446
3.149885666887977 4.648596144465994
3.4248185898052843 4.426087285367045
3.316811216880211 4.114928204178834
2.8292033002567973 4.66010418105327
3.405448657140214 4.21885959883936
2.647585679539205 4.088830231688389
3.3893286429748426 4.194278578162713
2.555857349881797 4.170975518243399
3.4162885169355115 4.245401370144491
2.8885087639316605 4.007536368537754
3.268977891166269 4.593062701834741
2.6264439768317533 4.572611381115952
2.4972395814789516 4.29247449572521
3.010716893884721 4.005469411803069
3.419570387840792 -4.259594924309711
2.71946499867304 4.05354918153834
3.1018065081856596 4.65491217579854
2.494129750185755 4.326983713574298
2.963450361161107 4.00454178491466
3.157565305196938 4.035364603704951
2.5078284337562335 4.419246620444811
3.309958820196682 4.116211466068461
3.0749261075449263 4.6577952138464065
3.4076981235539643 4.4423456198369005
2.8979965440778015 4.009729365486279
3.0913293369092307 4.654238958611832
2.7557824408012492 4.632293094576669
2.559593297001971 4.175613923566459
3.225925534835562 4.065813883202379
2.939006507110989 4.007878699899415
3.050499534992273 4.013459055821089
2.771406184069412 4.037744597089167
3.0956061173376743 4.0220890488062695
2.849513393312343 4.018917067236838
2.9514847078929707 4.008768938854621
2.545379536951643 4.199835272951205
3.315162947001189 4.550471966732226
2.789220825810299 4.63915665262629
2.6339611254411706 4.566673047296381
2.9645636963569553 4.01019936146595
3.410306582128836 4.262573993072106
2.5109376795682494 4.281893590413595
2.9591677958746994 4.660744365788468
3.395927820435655 -4.448180799281593
3.2360009813125123 4.598050317847314
3.37147286149294 4.484884247812455
3.4185646506154903 4.309073118396878
2.656018619685426 4.576863630774129
3.0015797765398076 -4.013554692097593
2.5112479778754433 4.294965553183092
3.2114113462018015 4.066020494507794
2.552010217284823 4.475795497930399
2.663606981841168 4.097254476340035
3.135565681385576 4.0398765070213765
3.2816374585262222 4.1103880272901545
3.3996489847930564 4.260698270986289
2.735587172496707 4.61026804287056
3.004898498673867 4.651813684185208
3.0805018397216064 -4.641770421088671
3.098298511312797 4.63760428636659
3.3955701251642108 4.419819149513683
3.203557757854453 4.069237145078823
3.331639351300821 4.514755812859614
3.13818844076223 4.624615772171406
2.6793853891295005 4.094371352000161
2.6115701393931428 4.145151793771302
2.6818212004122253 4.57846181280806
3.147445740920075 4.620624257614018
2.520396607324424 4.329340654476702
3.270563936236501 4.562246950423235
2.52330219363352 4.306679545265491
2.729241924368355 4.070051200885085
3.08539713065356 4.634711480622858
3.117575943160406 4.042375557315966
3.0511276180772176 4.0288411826153405
2.882134350036767 4.640678751426635
2.828364794075755 4.631124563910403
3.3962484820682475 4.394400690315355
3.388838133034384 4.411937904394227
3.2050454746306554 4.07679171410639
2.677108138133965 4.569333198252545
3.29179327544234 -4.539981740570303
2.757646782540039 4.062546583506224
2.655792352608467 4.117976944688597
2.637094574600917 4.537794659452853
3.214565580457786 4.085835283830726
2.950137583226022 4.0283075507608
2.6364520432085183 4.136411424747355
3.3649796190723373 4.447226557471608
3.373644913666527 4.243662828833676
3.1681398240361265 4.066290639274183
3.2030542722098816 4.587193871448504
2.786901583347438 4.057283355311799
3.314768797837433 -4.509622169651431
3.3318095940969505 4.183144635758756
3.057261058262522 4.6278844419245555
2.7998066960708177 4.055093877951234
3.2181918774280787 4.093179163725121
2.778316224321494 4.604392643828084
2.7723613109030434 4.602074855381061
2.9525476221768434 4.033299717873878
3.263232728798717 4.12342643133063
2.5768882429432263 4.214384100317543
2.709013833374153 4.572065779427321
2.564518407542272 4.239397878485447
2.6090325776261296 4.173709866487631
2.9083682330994662 4.03750625739747
2.7457534189858337 4.5870308738166825
2.879475177724146 4.042364491162041
3.31223740625937 4.497582219367411
3.220090720397798 4.566984353054847
2.5767673216129605 4.446130023930349
2.547151935006983 4.351749300778003
2.6342419383392297 4.513802743138757
2.729990754524197 4.090109380717783
3.377449997371082 4.346670763420411
3.3440323529989877 4.4504404105315665
3.003872365094734 4.62361918010272
2.652429545934483 4.141240864718261
3.081128269654944 4.612511669116646
2.5952760143899614 4.20316984865759
2.659279290400881 4.530607633192529
2.807868883310426 4.062498678593168
3.3710789306137943 4.376032128255764
2.6045782687457684 4.476085675360069
3.240575419919322 4.1190285631343
3.264727546408437 4.136988188377936
3.2225615576733104 4.557713791352343
3.0031427050328703 4.043300311116731
2.8362961702553386 4.607528743889608
2.6470497538191067 4.150286549004317
2.6123390575903875 4.480026004054561
2.6434304484648936 4.509790830073565
2.6110361591550464 4.19282042687168
3.284851178122149 4.507264481908272
3.1694272164850066 4.577868893646113
2.811901156150851 4.067200606531134
2.9560531333991875 4.61639819683553
2.5631961129167857 4.363526421501169
3.139321687639908 4.58757731880852
2.585537892893109 4.4309045229524875
2.7390072644519026 4.0973415284940335
3.090518266280651 4.599123623480338
3.351766297686838 4.268919681565155
3.1470968749910195 4.081224091514085
2.800909277695162 4.589000506321041
3.1981338808826356 4.104350692259683
2.6854910589607486 4.533489911233905
2.9100168262386674 4.609449715819922
2.975811087474512 4.051440039716675
3.2163452947155613 4.118133412177676
3.3561003644754357 4.331717163962763
2.838235302542677 4.0676203014332355
2.7694276341582236 4.572054427649948
3.0053274095250706 4.0548424745617355
2.57295254936205 4.312379591665631
2.7560319534318287 4.096492108238206
3.067903676358399 4.063903754109048
2.5984299671440407 4.23522269165306
2.6149344170300446 4.456157258800177
2.6555864538237794 4.162974569925527
3.3397562942389474 4.403270560438245
2.575456575044517 4.353049904252382
3.3290383950810774 4.240320088504942
2.5781067498801593 4.301067791857647
2.595254547704079 4.418338654994305
3.020573359054134 4.059777365368357
2.6042602979589393 4.232730511928796
2.6152862034650215 4.215724168055257
2.6617633803454 4.1625717159181885
2.608232129977114 -4.227859846885915
2.7039904527503476 4.531592659046794
2.9966515292716465 4.059576470096807
2.5975231117330546 4.2519171343035
3.1071197924140725 4.079534136861009
3.34442751036952 4.351457015825156
2.7232602841288815 4.540359684445758
2.9867374803193236 4.598911524561206
2.682435148403716 -4.149243005845847
2.612718484912183 4.227095684137671
2.8426060076413724 4.074961377499502
2.6071079858841606 4.424490061790819
3.333354637031457 4.390686946080068
3.20283084894192 4.123265685581805
2.6284394498420496 4.209187352014926
2.7635892977642014 4.104270481526932
2.9544106934216647 4.063242970432954
2.8362556065812137 4.079169583587748
2.814670653666056 4.573597018299456
2.587974642660766 4.334783280842129
3.2861070058282182 4.4669553597566285
2.64308841287492 4.192797259686506
3.3263732076475914 4.399153660493442
3.3189967766604394 4.2471943525232865
3.2374244446820803 4.511193541304268
3.3374249371299873 4.340261410235745
3.332877622540587 4.37227413252284
2.7831617861899156 4.0982478992581495
3.114624194700727 4.570414465572962
3.2997044178187123 4.443364763794538
3.1955911469424145 4.125068118903432
3.055916870432038 4.583134011987119
3.2904611357508475 4.208616897395579
2.989853994550405 4.068937888148412
2.830376453142665 4.086812387967711
3.226221246390435 4.510465402606385
3.170445959885303 4.542678364621422
3.2571217257129743 4.177350621253718
2.6271901629211065 4.427442408734286
3.049925149174274 4.0794225853099615
3.077095315925185 4.571351642524856
3.2373135468950776 4.496721645751531
2.6052865359759614 4.363094374265787
3.2284929348132074 4.158027260247481
2.648798692999457 4.207733274073959
3.0138320286838742 4.076715362894584
3.3172128568697357 4.365122214916027
2.8598855904416145 4.569003168780501
2.770386567579391 4.117116169895116
2.8247984609468704 4.096929905713513
2.8806342443757753 4.083983916944275
2.9604342551279386 4.578435382474796
3.200021502394103 4.142507366136797
2.6096829150026215 4.32630133186775
2.661331613964788 4.4586788141027665
2.7614986352011774 4.124844185410523
2.921079621950802 4.574322946374233
2.626491556396773 4.400113673412034
2.8698959568557663 4.567145385719307
3.308209758840199 4.282894148329483
2.8160408786606315 4.102815270407402
3.160044222208637 4.533372895408072
2.969390969782811 4.575269398470438
2.8604775069792767 4.564448384226255
3.287076131155058 4.235576038279358
3.2068295357603014 4.151337906681964
2.7459415841585746 4.135995131121342
3.26736075323799 4.2093302836528865
3.2434566689114535 4.4732533210420975
3.2989928740795 4.3896395908995585
3.1311540292867157 4.114373919101045
3.0508099438697602 4.0913649896607165
3.252259156127548 4.195731318802349
2.950799943419038 4.083720260430952
2.63732477042056 4.2515504257781345
2.828027982867404 4.103676062479222
2.699232078654661 4.483392471163398
3.079327376824118 4.555703887244367
2.7694793615337177 4.1275282930358115
3.1314571302250447 4.538168836698372
2.971206537552879 4.085099893732528
3.298251283697664 4.3769006817913905
3.1871974037641455 4.509241305879405
2.6484163643022898 4.416299256055275
2.8219241009741127 4.543795595601173
3.2566311749396246 4.211275764357246
3.2060880641257774 4.163451382488504
3.0829707010946232 4.104987530968784
3.0826055673287045 4.1049701234240645
3.1883982575961864 4.503165562710265
3.185351718070683 4.504500058444996
2.964506713235614 4.089725952385934
3.080463656908418 4.105202569528861
2.726138514754244 4.493843437516057
3.1839889062259528 4.504214188291815
3.0431922092949337 4.555435743541556
2.6301297259181506 4.332921522494809
2.998173690959918 4.560828801988513
2.687261884023131 4.197133035195141
3.22359905098652 4.181636492736651
3.0176698880046837 4.095000079499821
2.954585399147139 4.092144124375321
3.267848006135987 4.238397600091926
3.1007398356960754 4.537948363318243
3.045802107989759 4.101091233039573
3.263206660150684 4.232469281209041
2.754949308172467 4.505820750038621
2.6489703032879808 4.263026531718093
2.7231430079156693 4.483396713182177
3.1233326898700686 4.125049807261811
3.16159688141623 4.14341633904421
2.962903990940175 4.095539177427322
2.918465039870212 4.553208092787136
3.2084173064884607 4.176785799386661
2.7615746154267393 4.1473809402525195
2.866864908861725 4.544400181816668
2.66004128804734 4.247795293994644
3.0273631890862456 4.101625765839136
2.640322372531882 4.320984616239819
3.172233903278425 4.501028623106933
3.2740709013989875 4.264758703524474
3.281995318807026 4.292638588500032
3.0046728601446877 4.55164650210764
2.7851201452567502 4.136553009979313
3.2827565524728723 4.356499026652845
2.6979669444769896 4.199075879311991
2.956783513472902 4.552566908149716
2.6671731184965903 4.240051801293075
2.6432394226624822 4.3269334108854896
2.663650956323222 4.24933623433587
2.698961161934871 4.201351709517191
2.7028748889154763 4.455026493677333
3.101709820346096 4.12361838097449
2.649132123790096 4.342358792060361
2.875178490478123 4.111431748102771
3.278368186518378 4.331237848975315
3.041766268679409 4.109597701540225
3.154894424895957 4.14920317977916
3.1256044013476556 4.135275896832492
3.2519581266676036 4.241059593119855
2.652574626561207 4.304758193152258
2.9579140792406196 4.104407859416513
3.0881255247639228 4.124121614623007
2.7835422418512934 4.146689722301248
2.7383020670051508 4.175291869893869
3.2648961248722665 4.280423753794571
2.8393998631925044 4.125621519360783
3.0345614415387043 4.113315467734389
3.210168697892666 4.196941716847419
3.265742192907495 4.361696635183514
2.9940901803791005 4.109103447644088
2.746347665696015 4.478390602889883
2.6575704930294326 -4.334319640359741
3.2334740568475757 4.225577542078107
2.819839905527057 4.134834442454545
2.6935915205243104 4.425496140919204
2.997144756954813 4.537942715633285
2.6632491522862214 4.2947519496567415
3.0397680851667594 4.116941399019247
2.964965707368244 4.110031032452028
2.964013067395724 4.538247670361188
3.1983379931667426 4.191137063049016
3.1824831353719647 4.471333153302863
2.6648531517686362 4.352957508860889
3.2628588100004623 4.343375075792899
3.0284112636903244 4.118049803741081
3.242691245799408 4.400517178753492
3.1706333177958728 4.173052669950458
2.682657281488136 4.3972424846964415
2.698701485718689 4.4215245776498735
3.260651677455674 4.332494130669205
3.033730606683035 4.528495963252723
2.8016259558022836 4.4997552855361285
2.947510686967255 4.115090783999059
2.765757350404769 4.480480678416457
3.0584103521229453 4.522250747050313
2.7744373169351384 4.485141399688242
3.244587974718621 4.2659728302260715
2.859286943803668 -4.5178484248332165
3.2461552959027817 4.276193539712931
2.783476512259889 4.485498175590794
2.8102714472416297 4.150130030137721
3.119189433927347 4.496952199206814
3.1071765941249843 4.501699479077239
3.2419166304424025 4.276114722073055
2.7013820098800685 4.2427701185853195
2.737612531861782 4.200912840736039
2.9608306787725187 4.12181624769689
3.0853412266472193 4.5058935715719866
3.1788202133462984 4.456228469291579
3.242531927709486 4.361423027922828
2.7293321869458644 4.437624228845112
3.1040928857839765 4.497315371794897
2.776486775023237 4.473874433571112
2.9242078670653284 4.520399212714003
2.7220407914382094 4.222776863581718
3.2046052641569265 4.2229083496415365
2.8788838042972884 4.134115114873688
2.6956780365866977 4.381505745579372
3.157257779067221 4.182724353178128
3.003365179097706 4.128448111278256
3.036653556389546 4.5113342514508625
3.2370287530066033 4.34997593026912
2.6883916850760845 4.310455372891824
2.7295017503178003 4.221506688744021
3.1948045687261484 4.2189749859939205
2.9909786988940725 4.129568425057557
2.6913347525316627 4.304240105412759
2.710073312032254 4.253304931539794
3.216892033418907 4.394358410128707
3.0998556404569766 4.15662245158324
2.70592204312637 4.2648611173282935
3.1939605090152923 4.223726816741528
2.988410282410304 4.5127665100586745
3.2034613232828053 4.238013929040416
2.703532830707472 4.370951702402548
3.096934597823016 4.158322219871681
3.2313600797702957 4.32848787168139
3.1656130052345577 4.199049415623684
3.2197787034732746 4.375599153152999
3.1094077027969345 4.480407316503566
3.173278732049319 4.43912638151497
3.216757859132305 -4.266960403245909
3.010019513368551 4.507243849215388
2.7072218813883895 4.3711599991777295
3.217359355701929 4.376559245554261
3.1695904341911825 4.440167063303817
3.046908716918461 4.499311152409221
3.0028275857630033 4.506415735383211
3.1583471951227833 4.198158724580057
2.849535265819624 4.1557202977714605
2.874031753347647 4.496431010575666
3.0024180506546845 4.505160846744941
2.9542967472612305 4.1378544917810745
2.779309530659776 4.452546677404427
2.94491805379013 4.504845869463162
3.1011642588967625 4.476930324373202
2.7560329699154074 4.430648660018861
2.717224167041527 4.372649965973455
2.7859378225380254 4.192294869316455
3.2058414321677073 4.269344951358836
2.7764284372529495 4.443131663725842
2.7105072737963054 4.325752712281061
2.9602503770617465 4.143404153776084
3.1882190652613396 4.245050056347537
3.150306894556065 4.205587289046066
3.2087196207862467 4.353554345142877
2.8706277418621298 4.485094650343428
2.7221082686104547 4.364666511794094
3.0275602869521103 4.490683841035029
2.8927667770701353 4.489202645714693
2.8230251144109046 4.465510510999287
3.0789744819529483 4.474703150881655
2.9837072364582022 4.1489666824487035
3.1203501547471117 4.189436162006993
3.109534406043626 4.18379827860044
3.024832048265561 4.154682861802521
2.974312195623654 4.49326375329098
3.183449739632522 4.393821035762299
3.1599890041149523 4.421601069060175
2.9939714480467834 4.152310174135148
2.755914231099961 4.235816225632488
2.7236583100576577 4.3350591594113865
3.2016552445324877 4.299877038875407
2.7927191712708064 4.202243381597739
3.1751963513538137 4.2434283107861095
2.7906681711594445 4.438452681067512
3.193560350000077 4.277497959833755
2.95356103830083 4.152676543620711
3.0094095346089444 4.48648189448449
2.7647529387677925 4.414359615138096
2.767187929778252 4.227030165690629
2.81925383815891 4.454229229946748
2.880515659726638 4.164372379047767
3.1985731987963604 4.3047934914138954
2.7649957287950655 4.232226763447664
3.1467226831965225 4.425397001477915
3.1305405831076913 -4.437305830954044
3.0115663031595115 4.159486348992392
2.982955016294447 4.484996843020784
3.0519814719636393 4.169032527304172
3.1364251359155197 4.212064222562941
3.077075256723742 4.179371095789098
2.94642140663522 4.482869938880568
3.18393537782991 4.366660885884029
3.0150323953038303 4.1635125499226255
2.776560656617459 4.413851329278333
3.0454756287403972 4.47091555027708
3.189237727870382 4.332659861210105
3.1213345280411118 4.433816192825092
3.046324267973126 4.1739219579815225
3.130659533820575 4.4249238983355825
3.1769144983700714 4.279967703341944
3.1831250641246864 4.306122707007997
2.764996997207899 4.253513811794475
3.1378925990083033 4.415556931666755
3.1778002489959367 4.352058243058466
2.7673935566177073 4.253137182290676
3.035201170776819 4.17465252118968
2.754733473286453 4.278402246366989
3.099553413232378 4.200989490469693
3.041997737167304 4.463325149321062
2.7597482822070885 4.371168107443832
3.1462262572412993 4.396211450132909
3.171516726368928 4.296972965638951
3.1114907740365094 4.426036399619084
2.811309027532405 4.423065438708118
2.793401990204689 4.2331105125388
2.941905559480881 4.172373453053329
2.872198570155498 4.453497291157317
3.0048470981741566 4.174619650583455
2.7721994169141073 4.26096175710472
2.8115168480886465 4.218953929434136
2.8434329143254673 4.201168880791647
2.7708958164474207 4.371518285281236
3.1392627964220208 4.393306580410967
2.860822575878617 4.196325762222515
3.1443333583607824 4.256244350589996
2.8910911816945166 4.453036123067841
2.8273109221193917 4.424973689364581
3.0155780720167518 4.456987085008153
3.148263593950089 4.266634446626325
2.8329381190837934 4.425428479842064
3.0349150682273494 4.450286005932107
3.117978981726591 4.40759490264751
2.8048879850476713 4.403805108918368
2.8456891429694617 4.43207689997265
2.798437294206408 4.242897042039464
3.1264750777623056 4.24339183224064
2.9455591594707404 4.4567087347426275
2.784826147908092 4.374483953170488
3.1116759927438657 4.408746450507645
3.1372055367228375 4.380343499144016
3.014139708277873 4.4512820856279065
3.154530227463696 4.34024708252214
2.802636545534561 4.244434118886728
3.128471984921362 4.389502423143838
2.7769081361912487 4.3509001177643345
2.8377005836307676 4.4210197478991144
2.8620042668023937 4.432789947881603
3.034911320109297 4.44312729706742
2.947281711963895 4.185953698588962
2.8242204976139846 4.409732109185234
3.108268567538494 4.234350065216184
3.1090910776770992 4.235975108601155
3.143376314491725 4.350089138942852
3.050065486934407 4.434052389583611
2.781409529550247 4.331955511710093
2.930455253384582 4.445562575510566
3.094284988505843 4.408637544718042
3.1315380298565847 4.367556734090376
3.1441824095772737 4.329981541526896
2.8086127441703366 4.385062899198096
3.1143520329202934 4.388913696350235
3.1426723758968333 4.313866886452158
3.1215950576391562 -4.2598082528302275
3.129033875908415 4.365385625137575
3.0000397268965555 4.441178151926524
3.0595816580872666 4.213754304177762
2.981724833978818 4.442892344464351
2.8889475666707156 4.431986323535051
2.8800766742481922 4.209403482039045
3.1313780558535678 4.28517046125515
2.8115848802452064 4.260389313910125
2.9483172175123658 4.197947727491158
2.796205694060725 4.296671392117671
3.1066678472552294 4.254080444412125
3.0367874165252835 4.210502678612942
2.8257598673297712 4.386605842698941
2.8306340756564365 4.389513616261848
2.807739357895562 4.279705217906607
2.800115450554138 4.3041055813232365
3.0972344620146406 4.252553941539453
2.9187296806376075 4.207472951425808
3.119495504937063 4.351058268824823
2.810287069693051 4.2825136042729115
3.1207339501828724 4.295647005746898
2.834488317928629 4.252520732326799
3.085874421983371 4.390049859490208
3.112718977201816 4.281347506953323
2.987261143043561 -4.207485127399188
3.0275994192777813 4.419933967563601
3.0905691564763575 4.257121045612048
2.838037009516248 4.380758532822421
2.876011762054366 4.228845167235138
3.0049953715700357 4.421804648557134
2.974472318703026 4.210232182209233
2.8111727605698835 4.319259574195024
2.8113425636146294 4.3144790831254225
2.8165956378044705 4.292820445485911
2.90832163691476 4.417233259490629
3.0572698341781006 4.401397231858198
2.839378551529866 4.376965002632305
3.087567969092477 4.374944122757835
3.0491428290546767 4.232732702471151
3.0072627268426775 4.219023341642743
2.993526509397682 4.216850956573305
3.091062600780306 4.268974903430344
2.8630643957841064 4.391519121230611
2.980522255435764 4.217399046197106
2.9359255251216316 4.414601100413463
2.962237924992107 4.219025349646503
2.8349487154437623 4.350068639575661
3.090168377481428 4.350042170230217
2.8845724366626215 4.39409108912221
2.8421975774899706 4.357472660944296
2.8299904023989852 4.32344072715306
2.8566829455259186 4.3713952841138095
3.008678602077151 4.404112374198095
2.9218169040205226 4.2296553407443325
2.938607576399971 4.226611592635932
2.8467367907418293 4.358699065587133
2.9444231472854687 4.226479197500383
2.9184973761025867 4.231403110124039
3.0134808791276364 4.233283015657335
3.063988948244726 4.374400006185234
3.052998537973776 4.25714343739013
2.8455729008672144 4.3043302561211805
3.051175374390072 4.370180835618834
2.943413202730605 4.236902837466813
3.0667589848641543 4.286984694163604
2.9785845370551884 4.2385700773913335
2.872667165885145 4.362339854192788
2.8786171090706842 4.266876590957418
2.9896377028078267 4.392415818650251
2.9988478019653955 4.390346835483024
2.9991040829878686 4.2451749884596355
2.893657839358033 4.374139219400314
3.056984436216791 4.352823834735141
3.060142831270057 4.347231071578852
2.9585179982574625 4.24228504022965
2.9879847272657996 4.38869501322666
2.872850726064276 4.281204620156412
2.960843169443958 4.3890462337492115
3.0278076263367195 4.372011654435178
3.0074347885062855 4.253253009588869
2.892195820208851 4.364781767017318
2.9436964322567696 4.384024389219214
3.034195591609071 4.360070364555177
2.8902986064874536 4.35763158211328
2.983665266342345 4.380249142699887
2.988915623800661 4.254497884261136
2.9424294296843123 4.375974052876247
2.911423404567594 4.364974310291831
3.0369543040553473 4.348143884153326
3.023438404787938 4.2750569464207535
2.8917491168199723 4.345805904426634
2.883678067024372 4.305103240052164
2.8945697547117373 4.346468686597065
3.020527476330487 4.276812914556907
2.888670530843235 4.312339492368111
2.889579688589873 4.314559063200105
3.0166096625194343 4.348928911639193
2.996619214520197 4.272834449821176
2.9400086048994156 4.362306558066293
3.0257328379637007 4.297561626025226
2.9531698532119934 4.362051128987253
2.902340825957582 4.298847050789228
3.02721278133452 4.305551524858639
2.9104236465650533 4.28984373038649
2.9610496386384666 4.361679712120652
2.9496277335376475 4.360618853051568
2.9961381963093108 4.35479288458174
2.9106408917431184 4.34008783702379
2.9326884208349546 4.277353838133375
2.9298914498937876 4.352982171796679
3.00645522795811 4.344520924914558
3.021063448187765 4.323943351966421
3.0193398925709403 4.322021261555279
2.954054121428925 4.351322868015191
2.940795938366317 4.285078243076105
2.9435922371330476 4.2855500704238985
2.924117310391114 4.319608020504962
2.9513440778317976 4.290764989212419
2.950878551463404 4.337188592418958
2.9648614983829042 4.331372233191206
2.9448342160799266 4.316214705315806
