mu sigma
3.4316430619874123 4.1991382738633956
2.751905116127307 4.173463982584899
1.3374199136654679 6.555430585022368
3.8684380151534707 6.805563030667651
0.9767075766994154 5.31898362200788
2.1582727618271873 4.316588650289615
1.396937995223157 4.732459931974709
4.128677166984375 4.60304020202396
2.0206735255388764 6.789337986039955
4.724914618380555 5.8098343063971525
2.1239721887562157 4.3716148624232485
3.9279373579949217 6.5218254699765925
3.4511163236926596 6.685377426874117
1.7270925128450525 4.668449873242228
2.3048034324332005 6.6569781217074455
2.9833111934938743 6.706819367093328
3.9500618976085464 6.439362285452605
2.0540824834793376 6.559967582366114
2.2334516207388666 6.6036242102511
1.309038992364645 5.932747105595812
2.499723919536501 6.6358675701055905
4.356633396124312 5.990774121478238
3.045790649994751 6.642989477483146
4.078436225111468 6.272961195130313
2.2336881978237324 6.5543120704900035
3.253485147645483 6.603474589275452
1.9990183585830856 4.5832809446922465
2.4271023142172954 4.436851902760156
1.444775843418031 5.970602544355309
1.7172378569429543 6.255927004881418
1.3352783335564433 5.384476740979195
4.16854222276435 6.072900421520967
1.9826994492488625 6.379621990665447
4.346065404759892 5.319357330534695
1.7893910208894899 6.23475548026502
3.9182225903916863 6.242621955823414
3.558316714432302 6.403516095205966
2.764850888632206 6.507830504844737
1.8495171104139536 4.752102996984858
3.370224398178504 6.438587392559743
4.246625287760902 5.76943444498783
2.9195835848974587 6.483293407626847
3.179092743810476 6.458135314257536
3.3123255181943643 6.426628992757322
3.269887328213213 6.421538544752262
3.829080698934705 4.756420692158379
3.8727661453987268 6.162209243159667
4.143535816019595 5.1022531524716666
1.9121358412004497 6.18506843967859
3.2071395213258986 6.408519795725109
2.451787472642501 6.394612205411271
3.922678266773816 4.850940877427013
2.0456580438089675 6.245827527105354
1.707901950080053 5.995922147918779
3.723889071093568 4.730603715079141
1.6404212363129962 5.850506055813607
4.180764860808507 5.613542680867089
1.5737241719398187 5.24631068525369
3.7425967522130197 6.162011959043623
3.2617470475083934 6.34313058645163
3.3842731953310565 4.5902013727203785
3.9161257088539414 4.900369130360284
1.9168811677502968 6.107473020585453
2.217028762414563 6.2643371823307215
4.019030973193572 5.90792007441626
2.133837860341345 6.226566164772964
3.9247385246196433 4.92000019279595
3.6925683520099684 6.16743611144103
1.6251761068283317 5.181436940079413
1.5867080759622665 5.642190003896986
3.9100309024778923 4.915092024666658
4.128738356252303 5.666219988987738
4.072320327552261 5.792170058095344
3.2926804445403137 4.579076701134705
4.112365909120447 5.692338267751178
4.1360556040946825 5.585316898219096
2.568601253980256 6.317115876333351
4.122972213203308 5.516631845956125
2.307586219214506 4.637088771554386
2.6841988800855625 6.318251669688625
1.6348969577318866 5.265164120466985
2.1585547558452283 6.1792493097784575
1.8017409841456122 5.927062009746212
2.992698892838544 6.31295720996463
3.363734199816567 6.245535362465699
2.323662871706111 6.2222551219732125
1.8465751215540256 4.947877131410209
1.7277180388762425 5.786821731326096
3.239890312627401 4.598454308201292
2.0356305128424115 6.085296092902476
3.382899867659312 6.223181725455177
4.018005587028959 5.747881048931008
4.067528709048999 5.614133235554924
3.6218552989822643 6.117493785918954
1.9884347178548594 6.04305142062863
1.876734093395197 5.951614148800402
1.6433146120904736 5.465689106523391
3.560741222738547 6.143416453976812
4.038763740953398 5.227349033231588
3.25985182618594 6.2390508245477285
3.3470529828356144 4.642874075049681
2.726670045285036 4.574232820710482
1.6655704167240097 5.536946328612639
3.9876506156979548 5.141823109476928
4.041817008340515 5.567469152741436
1.6759565859013148 5.455299213442607
3.886229290842035 5.863641148600566
2.645706701310348 6.245710813340705
3.8553142695374145 5.89276499556293
2.9611153328768056 6.253780015714899
2.3651489651655306 6.180580047628136
1.7443256588791123 5.193161151173015
1.8530908387757505 5.851033199418004
2.605846585578636 6.226466999957809
1.7217621249079662 5.612071760819623
2.3091075026897134 4.693509764775038
3.02846038620103 4.598282029690295
3.1993552333249617 6.207233771044589
2.8001610184971373 6.230623750368467
2.3528391099016006 6.150545326870067
3.1002725862364944 6.214187303597706
3.6936623252400564 4.860085656742946
2.6010806375080504 6.206286042800352
1.9553220611837623 5.9190310039971585
2.3352603367532114 4.697136089739554
3.5996493116516053 6.041720405433858
2.9378174209679715 6.221915729314667
3.232838247412067 6.180155933826647
3.8399538882767024 5.010787398945631
1.7793835471403951 5.191066183635133
2.6777880329490396 6.204648935137614
1.76163592151242 5.614052527844072
1.8024698049332684 5.1507488685861915
2.9105200140296827 6.210395969216277
2.4298575346557834 4.67359358932565
1.8493683418677835 5.075093543440607
1.7554776974762616 5.559748896930329
3.3453500232431628 6.131010894776583
3.58894701028482 4.809960290801354
3.9818246924244836 5.35790707735624
1.9482983664814029 5.8808960078476336
3.3822074454771656 6.115943313698827
1.7529419806120656 5.520943332619973
2.0086725697175973 5.923096544678489
3.1444645999763106 6.170814285002511
2.329646898255176 6.100628120968791
3.3526208560281616 6.116505048785558
3.2588373966632505 6.144053274729727
3.4031142498308538 4.724315655273386
1.8386029608139842 5.124091194670722
3.9301476374352404 5.213292742806459
2.6158240968453095 6.171269109782157
2.926068437727614 6.188833064436695
3.0543215214834154 6.177599044537637
2.138186619090969 6.001200332201164
3.8266843906564003 5.798567631502342
3.8507224021396165 5.761862300224418
1.7702787792560186 5.349579464085177
1.8584847852373358 5.107486775977953
1.7876740504360333 5.568770518436588
3.0219655172826916 4.63634635342181
2.002440268307341 5.891800181366617
2.435171884236444 6.115042895633334
2.32378488005738 4.738045962380831
2.381768265951061 4.716197963494785
3.029057446583892 6.159746058516962
2.111065541848837 5.955269904664107
3.405569553625652 6.063214129274269
1.9101324577609042 5.764350442338236
2.6779882188890216 6.150466532016817
2.7056085769861102 4.64845141485722
2.4276722825715096 4.711384622955375
3.071017629625341 4.659235386310064
2.61339420022853 6.131645394689907
3.717481073917848 4.962082724735919
3.9258426918849936 5.413316041859128
2.9832970076623706 4.650869799285864
3.8637249769664175 5.161472826882698
3.219984635253639 4.691875852906952
2.861026087588148 4.646441470207111
2.88167496757222 6.149387727170467
3.554399081550831 5.975147449815673
2.4866237868839054 4.698917637493452
1.8924516773051363 5.115364391292999
1.8738126649125653 5.674323230633198
2.8940204497678983 4.650343477805935
1.8260001310560385 5.285477952511872
2.159977800678635 5.959729473467609
2.8623639825246916 6.1427476001409325
3.68728772665998 5.869871105327454
3.6965144273422705 5.861288473325771
3.895534792916491 5.549371502485093
1.9774534664854915 5.805601220959542
2.132941914690672 4.872947783993766
2.0531921104661643 5.86839197081547
2.7392517167039134 6.128122800341308
1.8850537684874713 5.158137902839709
1.823837826559906 5.439938732099109
2.4661549931341846 4.718300706493079
2.9534516949852287 6.126104493989949
3.2923730849983297 6.064874887891944
1.8522300379189782 5.551964325378382
3.8913551775754303 5.351179440946073
3.891437217949789 5.36617771948856
2.268668868923669 5.993083431183996
3.88980638042863 5.44288910249095
3.620482989512594 4.910851097651252
3.2107965052721514 6.077962664925344
2.395398731783696 4.751866091179728
3.6280967645006132 5.8802138215317035
3.1900203386341106 4.709282125355748
1.987476097911609 5.769449289653935
3.8707235064315686 5.512037787866896
1.8492050670722953 5.463027132113555
3.5869206843024166 5.905028292202385
3.472277702049134 4.8208761596353416
3.499967068832033 5.956160809796778
2.3369421497427685 4.781637128537688
2.2834873295558356 5.983430133889329
3.654619370657909 4.953868370999209
2.3831968143927442 4.763770426664101
1.903252121862189 5.6260119802407305
1.9001575059084985 5.617099745227838
2.2410058279393743 5.956759200394931
1.860198205882716 5.357637601700048
2.3484400205421667 6.005164294923537
2.200515171253401 4.861252465356402
2.162936303954479 5.907351954497871
3.2279155223227414 6.054438118553937
1.970137638523014 5.080533749647362
3.728770509600135 5.042727286028778
3.747031574881295 5.735625191424743
3.3125855015210504 6.0260394806085635
3.8555006093344653 5.499580603006693
1.9829979777053441 5.73597112586035
2.9881429783687934 6.090341975228846
3.274267273976359 6.034415447881666
1.9103869461274148 5.607491429072722
3.7424928334237144 5.731359737498927
3.490843401935843 5.941581402652795
2.099605517379923 5.847514881657741
3.068579269286731 6.0771218519386325
2.024321802512514 5.7747909976078295
2.217735844523279 5.926901899883745
2.1175678072865805 5.856845605298748
3.7981625933823286 5.630516208618674
3.7478950344260813 5.085630828849577
2.971461243423415 6.08342017321423
2.881196272409898 6.086418503774318
2.2234716596453517 4.861139892481049
3.4550066112560724 4.834077626089225
2.3886356366207155 4.77984748863396
3.7009901027656373 5.762089526348743
3.621014436651186 5.837846745401539
3.060845923384214 6.068008275739261
2.3193055918709042 4.812256098023264
3.827964405170943 5.272009260185047
1.9201340541286567 5.210854221918408
1.9564199631994699 5.135982970723204
3.796141953544587 5.60668855256557
2.1362368386699266 4.932352830580161
3.7161292624570654 5.729651645025587
1.9271541501350624 5.212460284782685
2.1042058897583353 5.822590472160776
2.377495569430062 5.98186071667076
2.3356205235653666 4.813175921414535
3.5467941408711887 5.8762205358762145
3.1157879475620662 4.724653178628046
3.205148237700821 6.023298059345645
1.900079455477099 5.399088914875288
2.852919291938676 6.0646295600077735
2.0272083455748997 5.05789001188043
3.686617438502617 5.042130607754011
3.7265406718710787 5.690227420320354
2.732940651239274 6.054383991229953
2.923623852571617 6.059025582224905
3.820498392162764 5.400795229389165
3.0679112730743388 6.0433698149424515
2.684955711875804 6.043730563015041
3.142212936078585 4.738431925461209
2.0007417079755117 5.672603367083782
2.9880616316482937 6.046403575505137
3.7310967420449788 5.12353606984287
2.2154542852817722 5.875179180783024
3.211820793169293 4.759476657584381
3.79427937219375 5.508262440981513
1.9296502098293438 5.480872922331466
2.6271990196869552 6.026459030724504
2.729266277923429 6.040285357476286
1.9235587183999148 5.4195176113749435
1.9941899850207867 5.644247437912303
2.358282195312059 5.942526791944135
3.4275197498274093 5.914068697197985
1.9425843131720788 5.512212597781577
2.109495591993444 5.780459937082387
2.407358679614571 4.804762510924325
1.9926296434602087 5.1518902298446
3.1676507988063407 6.002791067340763
3.794069692901835 5.400285163316135
3.676145749927162 5.0728179071447075
3.740677429751575 5.181078266170184
3.0112571485430295 6.024367533341948
3.7757377807530834 5.493080169758119
2.6314527640251866 4.746344465825255
3.2337019203115114 4.781870301826236
2.0734791988130197 5.052965942400331
2.663234809718892 6.011260006188673
3.0415144670517433 4.740310068434578
3.7608750515114506 5.51838387299409
1.9744492363467658 5.234678425822997
3.4142464014477776 5.896287041479718
2.4160716477901127 4.815979102047528
2.104996403699222 5.741476923529008
2.9657168402046876 6.016898512005502
2.4980336620514887 4.786691520947847
2.1876020745274767 5.8145889770546635
3.2840353150390307 4.806322361512899
3.3828866671259177 5.9044773827516375
2.1597255742112074 5.7849181219707475
3.132498564122911 5.9876493220676235
3.5196284716606865 5.821981179891048
3.7636552857448704 5.4220473598595875
2.6746107501071763 5.997936544181811
3.6621283481662092 5.090347858794011
2.010232133322715 5.1918785460371195
2.281837274717817 4.896889994395355
2.643667661345604 5.9865287533471045
1.9724486537714758 5.421868096270527
3.189301368491857 5.959524860805425
2.3054332958158525 5.865972515731305
2.547388636353859 4.786347489052183
3.1702553529976463 4.784510213148433
3.0842681727700367 5.980707955850782
2.8473828800308287 4.74507764512105
3.7444573396343332 5.442488905920345
2.692598677056745 4.758579726937619
1.9992726817300528 5.262367736922057
2.211153347456694 4.959738963662398
2.281493430118534 5.842237162149825
3.4564865339768804 5.83545898432032
2.698826624314554 5.982277978831112
2.8738649379863563 5.99282829139684
3.1717450391623125 5.954021799239762
3.2121694847677613 5.9427199825833785
2.660603903413032 4.767262144711192
2.592321152896985 4.782879764147099
1.991004576153118 5.345081869861566
2.3349998888747985 4.8826310913153534
2.254407918964902 5.815924777318369
2.4666966233426084 4.82391950783026
1.995741039935529 5.335949685557159
2.7789660010736377 5.983319253271212
3.717818668872564 5.266630906378039
3.731228982509288 5.416200419640137
3.5418522912096613 4.995522451181287
2.026855645861847 5.226163382877562
2.344094318007788 5.861537507043758
2.076456944036851 5.628880186447897
3.597059880170432 5.055894119536658
2.7969545317523026 5.977409542747047
2.9083034704133937 5.976635577878274
2.054151970585835 5.174087963056132
2.2341216800392463 5.78809287404622
3.688214187766405 5.548276124730778
3.312610669770488 4.853639079572616
3.6057811956637797 5.68135841980796
2.3916460656880356 5.876566903706274
2.08424730462184 5.623628306655619
3.709396482296958 5.459505597265279
2.125592041665291 5.678306061080775
3.6868460220433157 5.225715715997076
3.058747128506214 5.9536932446216095
2.332184279012684 5.840400469597622
3.011257896088712 4.77630191268668
2.20261288432013 4.999245290921271
2.7794997043892784 5.962824450029042
3.3161438025796715 5.875683836347544
3.2481298064258866 5.902083962890975
2.2938034186999667 5.812088930283652
3.703915889093263 5.323742206115428
2.699202416983699 4.781397915287108
3.689302136243881 5.494650460929888
2.107316534412138 5.635445570907478
2.288089403830662 4.938680017337078
3.498734265396022 4.98522540619712
2.9724147914053685 4.778786645022263
2.259731688729172 5.778893149974905
3.335554088142942 5.855891370585148
2.9650613009471156 5.951830601890315
2.7863813102971093 5.953498969658584
2.2434067478581055 5.76474096059189
2.0454999072116467 5.48508177645591
2.192376416779397 5.7196999254584915
3.6162921870728484 5.622621625204739
3.314613762768535 4.874982252261154
3.678324451392636 5.2670412269401155
3.3478516106779277 4.892234265056907
3.0766280012463527 4.79876167068341
2.9110971106545005 5.9476087491922724
3.159120427297223 5.910481243976743
3.232031718892431 4.844192992030342
2.5186598234401583 4.836242778330693
2.495491099570083 5.8872181901998015
2.190503609692043 5.0353742879432515
2.422091893949924 4.876032253953691
2.8552738821829 5.94508565034768
2.613226182241253 5.91772943013876
2.1363469740215315 5.103947571401534
3.6574866619187207 5.514011786603521
2.8697553968280576 5.941186937794717
2.2672641842728787 5.762746835879977
2.8319981969233012 4.785216940405861
2.661703098491807 4.8034705137449665
2.182520331606602 5.053399951077965
3.5928341296197708 5.628125707500531
3.572491200469765 5.654089821709595
3.2056065088743773 5.884460316629486
3.4881040503905303 5.730889137649681
3.4118649704285526 4.946298952150837
3.4091823655619398 5.787805666269385
2.5686647069657202 5.894376326026515
2.07714335408611 5.494945550151221
3.586102654913332 5.620816281048652
2.978596971814897 5.925549231601353
3.245374584300969 5.864034253033125
2.088307062715153 5.518747563487993
2.336241152412809 5.794146555165046
3.124833701613601 5.899648428027802
3.4880924015257535 5.724269940532341
3.395472441045466 5.79044146000113
3.47535214868878 5.000072036288929
2.119800767948108 5.5803432132048245
2.3325983712789897 5.789620786134916
2.105037919388495 5.5514594218451325
3.6019956455197533 5.150293242860552
3.595495904499211 5.595786724355738
3.581705802215025 5.123561527812215
2.110689585583798 5.553314402603405
3.4662169525051993 5.734625900547801
3.3344716856154424 4.909134357477146
3.0353714549484727 4.811248006095551
3.0229744413116584 5.911017869224315
2.079517325762983 5.28302088602624
2.8400712948315947 5.920034421192296
2.969743595739736 4.8044262304560545
2.1027043726410657 5.519183054464052
3.4692112835802122 5.723896929348589
3.1516059868130455 5.879460300888519
2.248547935040808 5.712303941387229
2.479132592015107 4.875546446248277
2.1631451736250003 5.619911274114707
3.6431938075311154 5.292770322259316
3.2626799568915787 5.8411442744312
3.576822325638317 5.133831358662217
3.6344664198306726 5.2661977174192485
3.6384080652218422 5.2854344603076715
3.616413479249807 5.520522977297278
2.8217197341099283 4.8052399328356765
2.641452747415149 5.890338987488666
2.3610854766801315 5.786432313623507
2.7648131035646224 5.907693492179983
3.615957596130539 5.517376766037959
3.5790181344168963 5.58776898430597
3.6411885450850265 5.3220948988711925
3.4855605938363294 5.6974985841176515
3.6146400173799993 5.516410713175814
3.291842427882796 5.822123409405559
2.1873564812533934 5.091530523847133
3.613809698434779 5.217803489881937
3.0217219874189976 4.8185806300646075
3.4215436417773892 5.747459395077275
2.093988583365754 5.448695332983573
3.6326090845907477 5.452147205959495
2.3016580105036044 5.742214648874646
3.467420942152973 5.70899977885171
2.9579785509424865 4.812651171972808
3.4018546645405294 5.757106166326659
2.296860235095469 5.734259156004718
2.196340742560538 5.088771409848421
2.39139646402921 4.928460238847721
2.34779405549903 5.766974334411089
2.093723089398003 5.3376447636088775
3.405338961705986 5.750083052093364
2.749434308732572 4.819492932679262
2.535927010749371 5.8493636744440245
3.1060918955035173 5.871666733798412
3.5728080369501614 5.566913128409735
2.3152258843332407 5.737568677670517
3.6020995903488195 5.2256350106310965
2.8061372333298538 4.817300921431019
3.6210730636211554 5.295272858964263
2.1458533122738626 5.54645980232717
3.2905380296816764 5.806373783894112
3.10554111197825 4.845286825732591
2.5800452740766904 5.858127844494564
2.6110966143007612 4.848510636838494
2.133304768773765 5.5166084384236544
3.0570814083266526 5.876900766312319
3.5794630016111775 5.545117178687338
2.134368783154352 5.2136729059088
3.3528010860787827 4.948251189675839
3.6102346829643657 5.269064272372447
3.1166009602487317 5.862384719534762
3.25241887394075 5.818104994847703
2.47379180557226 5.81675544709248
2.1178362475958816 5.453659852219447
3.3543714595906797 4.9523464071960905
2.3342370933043584 4.97917949636305
2.4678664388004403 4.90318287160584
3.381738247316075 5.747260270986352
2.119147463595605 5.28464139892873
2.172950851614333 5.574203110562212
2.697356491037435 5.872916402404172
2.363876427322518 5.754270407925748
3.4860335625773526 5.655544974523665
3.3080555586171108 5.783734370892571
3.1424569644067053 4.865197792224989
2.136631157496189 5.243218829067306
3.217365361288164 4.891345327737144
3.112106487875974 4.857368900056961
2.9187379370208477 4.827983614722436
3.5787720287271636 5.510316885728299
3.0202845384720782 4.838944793661072
2.6965747025308144 4.8407963013216975
2.5645502089942553 4.87313409639745
2.358082384553464 4.9719549476809775
3.5667807278794594 5.533893928608034
2.194909939695677 5.590663908887835
3.4299385155454925 5.700035293878081
2.5417757446722904 5.829568006506856
2.2195246772686565 5.621987637025279
3.3300277446676665 5.7657568557021355
3.2219351564364778 4.89594739281515
2.36285007945088 5.744820688571761
3.2165000335461666 4.893867715918004
2.946274467875675 4.8321593707956625
2.360342676620645 4.973289987807946
3.569105119468732 5.520541478998612
3.6000960321926008 5.412295208320267
2.829494004864599 4.830815975358583
3.588969539953075 5.27016260863232
2.2598646885044142 5.06093538516769
2.207970203799956 5.5959635962756735
2.1284687067573382 5.353859905825163
2.150293143812801 5.48559340899216
3.5335565189516664 5.14657122262124
2.942635705125542 4.8362183109289845
2.9480024702852425 4.836694245107106
2.162571553417349 5.513556326235925
2.785738333046237 5.869365375581102
2.133337347753124 5.3193645990906795
3.5213785750040563 5.586569748173523
3.505847563982745 5.606532696310525
3.5760497942557583 5.247038851721243
3.536296676254537 5.559874680925536
2.6833209510037426 5.8529616465708045
2.687647020091563 4.852962417299604
2.8805181165758773 4.837261795796655
3.1913988456964617 4.895005782803272
2.23827394028985 5.617357673448562
2.14546236818647 5.291464989001522
2.5976492257622756 5.830092848420708
2.673291703481222 4.857901683188781
3.2260617406413177 4.910829149405784
2.7020067286551 5.850743452637664
3.0341962858924494 5.8465284287010935
3.5049256078677398 5.588746411566658
2.500021178718051 4.915204360366072
3.2250081518131113 5.791566570960022
2.4783863522109417 5.781078678993011
3.1235729585083964 5.8247313763742135
2.3057673043380458 5.67298750018084
2.7142079273699067 4.85579180154041
3.132944409999678 5.821260348742431
2.4871261244275313 5.783003651529853
3.4608430226075675 5.078252424212675
3.1321011225247144 5.820546764488092
2.8772133416845467 5.856370007659017
2.538354642649718 5.801929906689192
3.4585781906683515 5.635154610740257
3.09460852120762 4.875551304128446
2.691125883273344 5.837722813261726
2.9261770135874743 5.850264068309609
3.547135690910696 5.491304792803646
2.75757740030981 4.854550924885263
3.187288349196091 5.797385523568187
2.2598726296555354 5.094215637637105
3.557993985861125 5.455930136352522
2.8236626433561036 5.8486835637033305
3.542357013114647 5.4909391241110725
3.475329339187238 5.602766215915192
2.7455181836242737 5.839998057379506
3.1216557784118706 5.812687052985186
2.679133461883069 5.827252934412922
2.667451104587007 5.824728644439395
3.5500827987656485 5.449534320210678
2.2607130492231216 5.602932183352067
3.4674399929083375 5.6010037565187805
2.1840065893191007 5.247782547683987
3.3437539545166044 5.7096831352434885
3.5287216033230657 5.49959685408821
2.1834590208609406 5.455301368486927
3.0311597461495143 4.872490775313923
2.6275957581432574 4.888355011587685
3.533326857423278 5.479544979951316
2.446490965202472 5.740175358119169
2.235734773954104 5.555061232198916
2.6990273943834975 4.875571879209374
2.908656052892148 5.833586063961334
2.1761898561161184 5.35378685073591
2.3254725211496385 5.654882175348977
3.2635218443050413 5.74529564994089
2.5998351799264845 5.797323775783889
3.4970948780084967 5.539872344993194
2.2932112196922767 5.084151987408171
3.1505026239254557 4.9088672692746265
2.3883624932766 5.00274929887839
3.4127816401780056 5.063148699473945
3.296108618944384 5.723559630059844
3.4919760198838175 5.166047217734075
2.2187549400836755 5.5064731042846216
3.541834879822741 5.366424847787856
3.4324683341052116 5.090953353816938
2.8535016582023514 4.867975782105512
2.5603562701272065 4.9203922656201335
2.443772942599008 4.974959504185165
2.1973528352005816 5.275645419732599
2.442914422980906 5.722948538576295
2.529042166604526 5.763124439410307
2.2916738918533035 5.099248786646745
3.3146729337737657 4.995157197401362
2.717861910061185 5.811965116760253
3.213086738180425 5.753945859613758
3.4391451906674764 5.106322259792425
3.234734472065111 5.742968201390367
2.2002371439615724 5.288936939041853
3.520514252674907 5.441488450387854
2.615298637730537 4.907628644282457
2.9111090360644134 4.874101478317949
3.3858474467564736 5.640398754965441
3.506389257052697 5.467112403880875
3.0707481373027887 5.790981544725015
3.4667009329988794 5.157643487764384
3.4659488524115973 5.1569942249867
2.4741978877807975 4.969204157962861
2.250397463845766 5.525053580712932
2.507855661999843 4.952976507748663
2.2963840158849034 5.58812082935734
3.0982515266652646 5.781893539834101
3.4250161027678323 5.110374582287314
2.360954772692305 5.053118558143073
3.042469853666598 4.900351620547919
3.3602715465116444 5.6455808106704355
3.4078244893175027 5.095838288556634
2.305141952667855 5.5834034698049
2.308467978915627 5.587196266271866
3.0127587539218315 5.7916595733798655
3.4823387500340974 5.209895872722567
3.3414147255381166 5.036392565814883
2.987720153234653 5.794422405792511
2.306214415901004 5.1178180737625585
2.2373778988737882 5.240622153267955
2.983183061553171 5.791381868565995
3.4789852709900595 5.215133041004911
2.292513721887501 5.140239740868467
2.396572524016368 5.034731976920103
3.2136425351523905 5.725789801244362
2.3219595795232104 5.590917327781221
2.4533650344776388 5.694405638658568
2.6342944955268344 4.920557280409023
3.5026457173680683 5.316637237233119
2.2901789527722864 5.545733820023694
2.314920173515249 5.121231291670335
2.23040350993832 5.376999859350946
3.2857356813343443 5.6793703957186015
3.2914723953762897 5.015926688409115
2.9076622431134833 5.787502513774353
2.4846122524093692 4.987411326091391
2.2988313078998845 5.545546257086748
2.876064068951065 5.786770913536006
3.4420323981233096 5.171976310071579
3.281317843940866 5.677119268171897
2.4911021957722657 4.987409242641995
3.210072269258171 4.976603025323808
2.6449813173419363 4.929192095415964
2.350720295606579 5.594874119682611
2.47583959599637 4.9992998132600865
2.2750110238255323 5.205980874099797
2.664208776268697 5.757420800205711
2.5339313436373816 4.971131826197697
3.0920633731983487 4.934063849407701
3.284906470738367 5.664867014326691
3.1813943762257537 4.966249136338056
3.3439910536882334 5.620726222575101
2.836014869480997 4.9031862210456
3.123309714659656 5.739389008227345
2.6174747983142104 5.742623936447916
2.927400100500979 4.906165556273775
3.2646353219839757 5.011144087243608
3.127073287753352 5.736276455006908
2.2618165256606835 5.253900898176935
3.0500680328780123 5.756339562682941
3.105464977204152 5.742076205768399
2.2703476629565893 5.460389937141423
2.842989256922151 5.775429096198211
2.8681981932352505 4.905820013671706
2.2920904159264923 5.187574919661808
2.9360960833655825 5.7696050774377845
2.4512403956828237 5.024853642582851
3.448605631792981 5.464638582794157
2.311991551382275 5.163170698588235
3.348865223392568 5.084158739287222
3.4242681420956145 5.1801119372850115
2.517530866291166 4.989167387271495
2.594724183695638 5.725301839091377
2.349475045302481 5.569570155195836
3.1982023815838314 5.698064373778537
2.421393035692846 5.63405083415764
2.5626406155393626 5.709783365970786
2.4246032933556725 5.053249850056336
3.450310642767871 5.432449240135241
3.270989001015274 5.652465382017324
2.2853151860556102 5.440541659926385
3.0470709508165825 5.738760219072177
3.379328375409129 5.551268497831332
3.2857924303650146 5.636756725109647
2.8584963402190082 5.757901985036483
3.28444561865316 5.636346861319101
2.665512524139557 4.943903879068391
2.2898995029023084 5.443300078902244
3.2994501439873436 5.621177616823675
3.150565698524026 4.975635192574998
3.4505882974059663 5.327694779096613
3.4304603727073335 5.451638716621964
2.5600476448458087 4.983783833884114
2.3941726652490964 5.590211250308635
2.4634281035485754 5.642538855812735
2.501919359216515 5.014226550153044
2.926379499187968 5.748811915756294
2.9484195780109514 5.746585446877369
3.3397325974108893 5.5779408479185735
3.0110844736257913 4.939951936252829
3.361966661811545 5.551923647816871
2.7479889254391177 5.739860451998046
3.330144718260522 5.584765678057154
3.4374370354027595 5.283677615510202
3.2855801967496374 5.059671848117436
2.8552451204444984 4.9278221680553305
3.071437285782736 4.956819346481115
3.345769755096381 5.116729189887055
2.9167467496302275 4.931451673603993
3.3458321330994547 5.119722102963111
3.2210485863905776 5.655384135457899
2.300910875776028 5.280265864826946
3.085448836852016 5.70762740522234
2.3392275720358375 5.1894423500870275
3.222617996910132 5.028569845629668
2.915384300664302 4.937603284735735
2.491739956192572 5.037050564874478
3.422043925588288 5.283640542693578
2.8746489300750038 5.734046188852751
2.50398971886989 5.03200254957599
3.0251683902503865 5.71691088609998
2.9132029539085442 5.731241434667938
2.326238450863585 5.227898581007389
2.3866835531443193 5.546529953837021
2.5325258860201156 5.017754446757587
2.539470729978974 5.659354250137635
2.422608925992434 5.580649197058801
3.0820576773872754 4.972286513912359
3.1106833971759262 5.689934562220285
2.6240048035153856 5.691881902515815
2.617387979310351 4.985031014547764
2.8136166943745793 4.945793688589041
2.4272291577395793 5.575822225605194
3.4036345249387026 5.418183930688068
2.3138660715795467 5.3223067440291025
3.136103769592904 4.9975642948552945
3.1459401224754346 5.669652795379754
3.4102978055319983 5.370395160634799
3.326034012116298 5.545866909512981
2.6473889419844765 5.690730851798121
2.357034550753862 5.193342767647152
2.5630711579711214 5.657682444940563
2.357316257169337 5.480810830729736
2.7684089935336385 5.712590938251012
2.3717101818200854 5.175040804605783
2.9302645262564235 4.9534442799575835
2.781213795854951 5.711336612966649
2.325462235183017 5.361949246146996
3.401011346737872 5.367508482473772
3.1307936443284716 5.003689724040475
3.3056299295014786 5.119677724124319
2.7258105118513947 5.701184749497355
2.464925616106885 5.5901738579624745
3.3505180172160207 5.495925275831539
2.4739319403233933 5.593524408988786
3.3619989654950095 5.203705383868009
3.3522821506038047 5.485590527812315
3.0291219089765278 5.690985937486445
3.0341627684193115 4.977143904186648
3.3922256535607236 5.361394410178907
2.693893297155918 5.68758196767408
3.249181304103584 5.079380250466901
2.420578241846701 5.133083553594031
3.148546211414198 5.645981894992338
3.304156908732555 5.537987705277128
2.3784269705418195 5.476349683907012
3.0135608915069465 4.977193944447704
2.8328721481058454 5.702188841506304
2.6879502103873976 4.984131829005708
2.694140140143599 4.98270894800539
2.8771873883325325 4.962969195759964
2.6929134681246207 5.680636498362431
2.9246096112788615 5.697770883431677
2.6144923509771996 5.656115719925615
2.386357272683714 5.189232068541498
3.208062296573875 5.608818066707462
2.422774810490438 5.527824728322695
3.358887261602284 5.226782396879399
3.3096887155995613 5.518659767522402
2.810855847536486 5.692233415778917
3.0542488148632985 4.995767082630556
3.1103512061960044 5.015129682727931
3.217208938328089 5.594912936317158
2.897548050026964 5.692108669431661
2.8899313306156005 4.971272968048109
2.355320345926196 5.337350968213941
3.2863154509813253 5.1336986286178234
3.3660640161469937 5.390630312541812
2.4111838845815283 5.497465430987264
2.4076186867169644 5.178455616773759
2.3608159217140905 5.37397019530422
3.105268531843614 5.646338383384574
2.9127270162800887 5.68649392952101
3.3175558589624994 5.489096277499027
2.3643216564249454 5.381336090277861
3.2449173384591274 5.100570076638306
2.3623359705818365 5.3063567591790335
3.1703342477583467 5.614102034489903
3.306862089743801 5.5012866137088405
2.6177279805892577 5.64096470677184
3.322499338060335 5.477728844864909
3.2113431435025506 5.588054186066325
2.462972221952426 5.545005241700172
3.240996181763646 5.5646705874770515
2.482062734471568 5.5606307493346225
2.5605481259124714 5.6119152865244875
3.192266113258391 5.5973275472333475
2.418911355224676 5.174818474345959
2.37301292103715 5.393430950823268
2.3665119905064707 5.33389112919998
2.806398493080704 5.679451372062124
3.3514157043010533 5.2657716565726975
2.700582893545393 5.662468202945874
3.2595278525993803 5.54444862897706
2.475000887274021 5.115055015623177
2.9035450914474694 5.679454233480726
2.9895240565510206 5.669277682365541
2.4615207493022147 5.536534446841611
3.3453942848384237 5.252733191743566
2.6965177094301667 5.000994466385093
2.6336705558739415 5.640086673896177
3.0922552743063814 5.63978118620943
2.4607781476703905 5.531960044072989
2.4204308208607723 5.182246626839425
2.865374967582107 5.67766043968744
3.062658145366954 5.648441370227212
3.2384476560051985 5.5556482719721885
3.2074069136991894 5.57893407134424
3.087748609809017 5.638941306940089
2.696096494159547 5.005896872841976
2.8348034061453213 4.985843796600196
2.380830024659868 5.294278536036145
2.423428014637972 5.477079395589627
3.3095759179029995 5.468112887641389
3.29843311808502 5.484284998290562
2.379645383083032 5.335421595777753
2.3932027033346075 5.408761996531368
2.4272904906450607 5.477831216742622
3.13069960340633 5.6141429742178826
3.2072789484107282 5.569723999008666
3.1936184881500695 5.5789303687266445
2.784634520770459 4.993413734587843
3.159523490106012 5.5985846763045055
2.455872882890842 5.1517941728104555
2.809281133404448 5.666192566480467
2.416809122946426 5.209283055651745
3.028987042524264 5.647613283366977
2.7989612699233692 5.664370165568858
2.596302304676627 5.04907218940091
2.3929618776797086 5.392736407969947
2.7237865978519435 5.0055824590957005
2.8460956975112706 5.666484028378534
3.2221412755496734 5.553925486355469
2.7953648670835083 5.662213084269881
2.4601946685518445 5.152638943801428
2.8774226862405454 5.66465281512502
3.2946235334075444 5.47170203576484
2.392872977812617 5.363614704688185
2.6744342003851322 5.63482046847869
3.2423294005119963 5.529321401126408
2.4075428721926544 5.415243560968124
2.7834040671652884 4.999771617506092
3.0320930208944468 5.6399660262568645
2.963581222606642 5.653320464714724
2.9968523703713417 5.00954532350355
3.1080738006910105 5.612317853158628
3.077453026226593 5.622929613225949
2.65257621268446 5.6230957714444205
3.3139812967357294 5.417885409337785
2.5504005028109833 5.084962373115181
2.7737505446739688 5.650913448961017
2.4776709494893954 5.513788804434876
3.2517895627381983 5.51185611445969
2.4504723125660366 5.480371760517012
2.4010495952116373 5.304229290228629
2.452956639733776 5.48326564306182
2.4322090431960257 5.451344545544576
2.999715766289725 5.641667315718923
2.5646208966218174 5.578933421259618
3.2762198664050075 5.476477967756824
3.031399681413717 5.6316687215091505
2.6697303516929143 5.033141810976289
2.9929818212109534 5.6383677459894
3.3186433640766984 5.294538471265502
2.467400498850209 5.491203555961748
2.5126865148475974 5.536384155433782
3.255174730886255 5.162469269735404
2.5563160921807686 5.090100191769902
3.129970539708435 5.589922329590332
2.5413784738187584 5.554772467519458
2.6742734520825056 5.618980615921666
3.080075194072234 5.046019949837022
3.2733987493932055 5.192755756260774
2.4219080064787297 5.264769715760464
2.697864344111514 5.030412391835801
2.5692516187700565 5.568117759164897
3.2832326761860613 5.215594335601947
3.12962991707008 5.58288937892817
3.193149600485298 5.113442798930388
3.3014598922291145 5.264905422459537
2.423353056847917 5.3727164603465845
2.4206372865082573 5.303798832535355
2.8433344299606618 5.63998043462671
2.853391025089553 5.012722209104612
3.053786940309307 5.609529980084131
2.4665578491748628 5.465329395917258
3.3008028625533954 5.374830107332698
2.970979012567888 5.629178605731106
2.5254742416959948 5.527692708383092
2.423548248958765 5.333596520363631
2.4417910632966775 5.4175687851303875
2.4267204678420646 5.292579415341775
2.777258119829103 5.631293139691334
3.030834652645459 5.038560466304509
2.5863605160431575 5.568330780376902
3.112647497717553 5.583106897485889
2.5611565117787096 5.551700985440233
3.301228122119827 5.323682127785516
2.8055217154720884 5.631924626912328
2.767196755431258 5.024908314407468
3.277906439724971 5.4245247957387965
3.1875505147341903 5.5335840207359155
3.2571298920521583 5.197516839885472
3.2959103209220175 5.3568129874429005
3.001116771606945 5.617000760536234
2.6387379863667695 5.064895227675249
2.98539468207323 5.0325870283672325
3.24079957103381 5.179072829519164
2.986375959183785 5.617259761263231
2.927926812637218 5.62593239489985
2.4859984864312357 5.470488425155667
2.512092778619448 5.1540675371745595
3.2906358867289036 5.352047925840622
3.1365541804879826 5.093577923724791
2.4763500311187823 5.452400465905773
3.28573154327401 5.36249749660115
2.4419287800559464 5.360454606433603
2.553323437374001 5.12221298554172
2.5168447339317837 5.1548180765788665
2.587911345035272 5.0996236075528865
2.4864141868120266 5.461054962113523
3.2130552446313176 5.493582415241777
3.1150936209312667 5.565084872480876
2.971868774504764 5.036776071384227
3.282985281592702 5.302908586506225
2.553436420932711 5.125557902437668
3.105669543900824 5.08333072798001
3.273864127227817 5.266241668325908
2.618441370194244 5.56567508793142
3.0127464732615357 5.601697557453345
2.7097445463023337 5.60013271082642
2.5325386579628475 5.505714950651197
2.5970367000818313 5.552326761516006
2.8156380889474737 5.032008369102808
2.709454857502165 5.596229458869836
2.6456255509802897 5.572911713385988
3.0074949083820606 5.597804667233451
2.6662399984871366 5.578700563128258
3.189521094164877 5.499536841820682
3.2370460204823592 5.442411151037634
2.8462612152252054 5.611905343954151
2.8511644174868165 5.611896611541067
2.4680157734017434 5.3868602173749744
3.2037128272996105 5.480106706597451
3.263926035870983 5.28663334471868
3.2285943113353506 5.20391813449317
3.0988961416636784 5.093442061250444
3.0587052413181555 5.075622609291164
2.8829611189396314 5.039671208291807
3.2543968157424583 5.383410503043878
3.1683756147164543 5.142596651345315
2.7602599430288555 5.051641561831762
2.9641847797566023 5.595678219536143
2.7259417704604267 5.059721003601214
3.2376825143003005 5.232901374057665
2.7718328312389895 5.595610816956899
3.2427332065619985 5.244540085279951
3.185374314861788 5.161543848629138
2.5956650273838076 5.11856746663404
3.2228759181962396 5.207854825234126
3.1995563956398314 5.177653914140533
3.2055889280950445 5.1849826545928135
3.06472157868533 5.562798967317618
3.0255039752578567 5.070191095172737
3.1758346011136487 5.157689472585638
3.0540679829221955 5.564430291718824
2.849960676767696 5.047053856995005
2.5229302670363456 5.193217078857116
3.2504327772941535 5.3039975170276366
2.5607476102714575 5.4948836567074295
3.249308699118923 5.346834207107733
2.843662680261216 5.04944151549175
2.478630502427372 5.317727767858614
3.1676865656767776 5.156654867272236
2.8263709610363037 5.593303863115267
3.245028267029233 5.340902182747035
2.9324822090315372 5.0566391469033976
2.8044072800694457 5.588940452096524
2.8070793716410583 5.589151880565303
2.524726704973724 5.200747756196757
2.920762365676542 5.588229127812127
3.0749005775402805 5.099413743964063
3.231964406245138 5.385723183109264
2.5140955926844604 5.222482759850386
2.8256884112172953 5.0560315083152405
2.520609106035767 5.213035469701862
2.545703045042789 5.4669124817820265
2.4878488065079534 5.335618331516452
3.178132781068424 5.177075227651979
3.1936081115504185 5.451488369773438
2.6302235114358825 5.529920519402839
2.561987955695118 5.4799904643297115
2.918845015036969 5.059881572008358
2.521347156350025 5.218797290101534
2.5205690975495285 5.42614423479643
2.7005467776127583 5.558498685015162
2.7219378871267046 5.565199110033356
2.7077670783584535 5.560404178087005
2.768811798550708 5.067878863403479
3.1767846202143324 5.464227076890151
3.2173851154850652 5.245115929458955
2.5244845454214597 5.219219602831632
3.1246381668133187 5.138496329769918
3.086612661592481 5.114743707269253
2.720203924933118 5.083397421758544
2.508286943753586 5.382485822791601
2.6424882108213223 5.117528524924239
3.227130671807905 5.318506878261264
3.122852983332845 5.142250948526087
3.2039900882922625 5.411436877693379
2.580573796430749 5.163440893364573
3.1742222374727613 5.452157613269514
2.7293941603337513 5.556254845282554
3.1616052786893514 5.462519723504293
2.8200740661317325 5.070091028787362
2.951340455285245 5.565831611291463
2.566077035834277 5.457432470977855
2.530777762759043 5.2383908226347495
2.8075947921851228 5.074611362367528
3.12083252853398 5.151582772155603
3.151835833800094 5.46391076795269
2.6551335245604224 5.52091213331234
3.171934287215197 5.43897898959746
3.013439129851276 5.543829928289491
3.180453189170703 5.218474549511881
3.0794666200844993 5.1278074891369405
2.703450857736307 5.103053079458361
2.882507169496521 5.565022029273273
2.665440739873949 5.521336755759095
2.689019548964298 5.111192373634399
2.948006234353869 5.085129424099749
2.531966870426377 5.261758017326883
2.6585365678362076 5.127443517138773
2.753690608156801 5.548608007715422
2.5341538871523 5.260675640758702
3.185177718083235 5.241512562629965
2.813971197857996 5.556558137072093
3.0073810622014747 5.5349411724145465
2.94042830076458 5.090102296527018
2.7484071911271597 5.540792926406177
2.7439122925469523 5.538559915278844
3.07986104073965 5.142284574032888
3.1814014246626634 5.254439227777038
2.8133899019762287 5.087982313281451
3.148098526952181 5.202109691733558
3.0431819187754936 5.515125326766727
2.919152480639846 5.090056784863972
2.539398831278958 5.3554652558732
2.9092676385996614 5.089508879777104
2.5839374065783622 5.202578081859045
3.1391498634596298 5.441024914941868
2.864099577741266 5.090356598087825
2.562157310276775 5.401907187256975
3.002768370179579 5.114103859376259
2.941610834264366 5.539414072268812
2.682252582870462 5.132711893488063
3.1754090601345375 5.3719847499254225
2.6927957279468844 5.129810056096366
2.5916815873822125 5.2060288098753364
2.6229472069092754 5.463780775421046
2.615478501517374 5.181962104167484
2.6901227407367707 5.132885825047074
2.5695663371895376 5.399047406480416
3.038978981938412 5.134281778002294
3.1503912101775082 5.411437510440299
3.0694461501236607 5.487222609926129
2.6828015714912667 5.498759456537702
2.654854501493211 5.483042822216438
2.5639336771542123 5.380297406804248
3.1729089000166373 5.294476650500459
2.6641011263202277 5.486306492273803
3.1153285240367397 5.191569376985253
2.626443774392894 5.459345320175256
2.672922949323961 5.490505975702869
2.9589646573268675 5.110988055463141
3.109749786306697 5.187725208173044
2.9304569324079557 5.107476228456784
3.1015892993830367 5.185291766477188
3.0808878254695777 5.464714138114088
2.572142502981234 5.271242319430906
3.0861726526497435 5.460202791877919
2.5769000557231694 5.264682727821462
3.139697339983561 5.395720257862116
2.7207191817143768 5.134446472299958
2.5700441179364324 5.343934294375695
3.1078132526095525 5.201577677539337
3.119687919589833 5.42080251372024
2.716002823234935 5.497224376096881
2.613882635660827 5.210217842777935
3.1220303485869323 5.221295050244041
3.149201103937232 5.274433469516971
2.5744415406885746 5.322321442424358
2.638253038438532 5.445694256293837
3.1180184895998995 5.414967629562475
2.7305675172213153 5.496334510191736
2.7254067290789905 5.494168114929886
2.724069868004979 5.14206104709185
2.7199348129103273 5.143786547388675
2.5827056095948 5.288235124690014
2.5891093540614953 5.267704724867656
2.6735065441346633 5.466000877220397
2.5815035463447487 5.327916518930367
2.6520899391818475 5.1855733227461975
3.008948849442146 5.488054209485115
2.6184507514628432 5.221266621563355
2.964626326413749 5.133014646543456
2.5868121358135148 5.3373971506111335
2.8039005365632104 5.124855065321373
2.597081334362316 5.36077362535757
2.619688269984527 5.23232030368559
2.60762529914941 5.382420104088355
2.8014005741894534 5.129724282352289
2.729518110801265 5.4831055067943435
3.054357726012254 5.452475545332842
2.613198716829098 5.386565275351849
2.6323372302767565 5.413225453331981
2.9439047411649835 5.495518756844166
3.0546047174539126 5.44630393594955
2.8416429906285243 5.502140487736847
2.861423652695367 5.501231492380643
2.927616458254489 5.495415349992494
2.608769079130624 5.278771486545304
2.612332425128468 5.272511304171065
3.108758027911044 5.376089855801603
3.0847506156782716 5.410491717882562
2.6922172697823363 5.450843427790851
2.7460604167328158 5.476660236980608
3.0232919772746083 5.1752998793595
2.6210035005135044 5.270551253815693
2.771486385642739 5.481168875828196
3.099370766924367 5.257470359807421
2.727554927641554 5.167946197609934
3.1080340936835067 5.3531503838586065
2.861384343754482 5.49094895895179
2.7671740874675943 5.476819689466454
2.628784977178364 5.263053558290137
3.032552697466284 5.4432734709826915
3.0606523513713393 5.215349926753724
2.9124869821881343 5.482830726941734
2.775617640119015 5.473366969581774
2.9842545154200497 5.168664228755215
2.635280329937943 5.3665428379866125
2.8885076505931995 5.1477097015370985
2.81904803307575 5.48068764158372
3.0932256351008807 5.361130467607152
3.089830987445704 5.36443561403725
2.754730371593168 5.463295787408059
3.0982958269466194 5.332222030727037
2.6289570878647446 5.314581256895684
3.0139499741944276 5.44179966641429
2.9648093279011363 5.168125093357094
3.0626200078841537 5.236462209798818
3.0901467767383037 5.31399193425232
3.0882134343424 5.319620201083626
2.7714932994570747 5.454793572357193
3.0721987950683607 5.270202544392621
3.0638964031268188 5.371346486907338
2.931734448399479 5.1703381377416875
3.0569475205405943 5.250611131777605
3.0239103839270696 5.2160731243008405
2.7478496299651187 5.190785038934701
2.689167525788136 5.233230776044873
2.6562306794463826 5.313574312990761
2.965224552166712 5.187898188024938
2.8186156826527196 5.454867100835271
2.7820527561897164 5.181937165602114
3.0236322672312066 5.403417742854497
2.691356831548583 5.238685637728569
3.0539382003662525 5.267968111648433
3.0617970326922883 5.331349010058162
2.67459349879708 5.357991046359258
2.695192917582998 5.2397557138537945
2.843767094696526 5.45367736986929
2.8632152337383063 5.453833693624253
2.8121907033765026 5.447635032124866
2.9877419418373004 5.2068953173471595
3.0201595651497293 5.231609022353375
3.0036422985735327 5.409550996990415
2.8153218997741543 5.445104347514506
2.999343347762526 5.218503302570777
2.932828470135816 5.439822175039292
2.9628809661032642 5.429410248346005
2.7941554512761972 5.438843487474032
2.88831417759148 5.446062085381791
2.807622300228666 5.439695043709738
3.022582153687818 5.244481633382492
3.0373920794182787 5.361702899443076
3.0456015468557602 5.291132806942152
3.0193516527903212 5.243537452192026
2.8356046907579016 5.188155279658764
3.012767939884353 5.383287999350835
2.6985974732132556 5.344868448132974
2.7410299996899967 5.230244342950217
3.0116617347830106 5.25461875599588
2.744247776142722 5.395257577717555
3.030192999183066 5.308908360418668
2.814535737506978 5.2032283101463905
2.8065361845620314 5.418487707541859
2.7941907515838666 5.21211662618983
2.8626859052262414 5.4243123398247315
3.0074589209831686 5.270725677543126
2.852132382816773 5.421887683929575
2.9564680385286595 5.400282489657664
2.711129662969069 5.3000904356925265
2.784703389041725 5.219916105562568
2.841106263101045 5.206724688461706
2.824974602160351 5.210753349346874
2.7981382034287012 5.218966308310292
2.9477699711532774 5.22761222839648
2.7535676332379495 5.380811337345428
2.720900701757441 5.331756465544139
2.946561784445069 5.390419866104846
2.972548247890483 5.252992471116422
2.7651354159330404 5.245036855518789
2.9080451485942937 5.403583638247946
2.9724759724236627 5.367599301256856
2.9839123945485815 5.273533247563126
2.7758998910761266 5.244124207354773
2.744156584376469 5.342494036605863
2.9580373486753824 5.257186385562699
2.747661980812708 5.338537437823685
2.7440622731606927 5.328291886530332
2.7451628827447765 5.310799813342313
2.7622278684826007 5.340431456612147
2.9634491259030082 5.30860539839146
2.7853330856691856 5.350982448115382
2.8835841582130737 5.37638361164303
2.9211642076926987 5.359821973593243
2.9137812259243767 5.260909413702153
2.7814568844047978 5.326285786192607
2.8694880264468585 5.371166914267874
2.918268012387087 5.352676083888924
2.802061398324049 5.276751831263637
2.7905794823143246 5.302541125277379
2.934544147355714 5.32554723163818
2.839480424754879 5.263445338103878
2.928775518635283 5.3297855630994295
2.828001335269476 5.351750051585327
2.9184148546844844 5.333539888121567
2.8317729055885223 5.345993650206781
2.8130614023118095 5.3011370810814515
2.9161686667357016 5.310747174634402
2.904805215502237 5.328226923174951
2.8583799591211347 5.341831125276212
2.827892115595929 5.316377355853316
2.8953183554980595 5.322134224968602
2.8346852860316627 5.298857817629292
2.8727356459341324 5.301674385550664
