mu sigma
0.6161378385560561 3.6822874411379627
0.8137457301021306 3.5737065085750177
0.5794690107930142 4.641777334572991
0.5434361904823386 4.30771053122949
0.7940251217613705 3.7091213187272607
0.6827422125872131 4.642494657766266
0.6330974904386231 4.327723506431435
0.6654126514116819 4.060817705320873
0.7946536425194863 3.804562990247171
2.768340801703609 3.389475898478841
1.8317714043844529 3.2505892283768754
0.7414513260809003 4.357781345884284
1.2969155544700042 3.42313860376959
0.8771426145447019 3.799809059826
1.6881183962369337 3.288995056020123
1.251717430992617 3.4601617718208773
0.7706091803866175 4.1485397111208
1.440288577050087 3.3988827279565474
1.1119782241359701 3.6144071953526766
1.080822337019078 3.6542753100727507
0.8413057054521094 4.261593133226003
0.8571479363650834 4.068318951728937
0.9193438139406556 4.421018089297982
1.9006324671725099 3.3152689275698144
1.0106888499436497 3.784071455085616
2.539450972963217 3.3951635925606265
1.898040659064422 3.323169777891331
0.9670768381903395 3.8720687408363337
0.9377193592611913 3.9621959239249986
1.7107967029866806 3.3648179814140105
1.0756607484895606 3.7384669525249876
1.0168702138859311 4.488219257603845
1.235892392346218 4.694666835563608
2.9990892334681396 3.722345825573827
2.8156646503925638 4.727921505181407
1.0074001169447566 3.8724916152178226
1.0391225926008756 3.824557343506831
2.1440549900960955 3.342430254208054
1.4749859268177823 3.46370775026098
1.4016507182797024 3.502958483417277
1.234052101141426 3.616534640662645
1.3109820347704266 4.71423857798938
1.1354247405473927 3.7141520310714173
1.572652031664209 3.4298653173876468
2.0348970144996987 3.346461140273786
2.487428193380831 3.4166352152332875
2.796761226610786 3.5685492974541058
1.3750297524454198 3.5270912688795186
1.3642057220704942 3.5363509819773333
1.42012250100365 3.508858221650501
2.9146577402114633 3.677277980450508
1.8375637693795042 3.3721223195700776
2.633804265163922 3.485028500708948
1.2906534417925966 4.67431445136917
1.5621304174959045 3.4464833176875427
0.9791237987354792 4.21003070013475
2.4843271050428015 4.822685764278975
1.0184378900948694 3.9369319880308313
1.0037955857307292 3.980217012613601
1.1111753758183054 3.7804620634452166
1.210642407392568 3.671452997400507
1.6724744802560374 3.4189795153497236
2.258755977516886 3.3813619111500546
1.015880109077947 3.993131773003194
2.031365064595086 3.3677911424598643
1.0126784920543555 4.0516650118432125
2.2747915314546643 4.833331167358139
2.521361983805314 3.4644200341053293
1.4867113586427165 3.5073270055023875
1.169014215375238 4.490100262229276
1.2933994118005343 3.6380020323300313
3.0261412809267068 3.9126079055204213
2.0541575312226388 3.385590526789618
2.745904857198299 4.646304541091886
2.9739374783386547 4.428326732993997
1.1227004938853598 4.413977442931114
2.5918231911157656 3.505862264374698
1.0480929787776934 4.184678500619083
1.407227467738979 3.569796985680685
1.4744187220807745 3.532458614410382
1.6003583893365252 3.4760826831165277
2.652285344842136 3.5474522377296234
1.676978892876033 3.4544850812490178
3.041495657643958 4.195047719197434
1.1023064156998128 3.917774946666644
2.764535164154716 4.603867231786718
1.137277424710627 3.8515505311397056
2.905162786617898 3.7620391542009544
1.0774729964479408 4.248760681373464
1.1172416581876032 4.345182656510574
1.0707756530684596 4.187974122397161
1.2042332761993588 3.762088899231477
1.4005219286119175 3.5883355654392464
1.2513963066075935 4.516834647358787
1.267698561910409 4.52505144383993
1.1092830960286921 4.295943479562623
2.023841739588782 3.4121690103181654
1.0853227162779036 4.083901675495055
1.883462689708616 3.423911978954391
2.5900401292690423 3.535055988299705
1.2458467357930405 4.490726515174178
2.616654741588227 4.653614703715742
1.57372154313733 3.517808846084437
1.1392864147288677 4.292670111084619
1.7754587194855342 3.454607833409636
2.9652630782928022 4.28915249461221
2.675307274303472 3.5994792966734432
2.1758130904275776 3.4310999677885863
2.4513497826555675 3.491709085680514
2.1040116464577 3.428011164976757
1.3079262164940897 3.7010954311160975
1.9591875219042427 4.755313506406463
1.4807292793869542 3.5746125228054835
1.273687382720617 3.739917148197425
1.564797058063729 3.5349009447548463
1.5235946060698822 4.639981347292285
2.174613073420881 3.438828554818817
2.6678142923530586 4.591322745870304
1.1405254756599248 3.9941199931303624
1.3597454384275822 3.6663418461526307
2.264173209962189 3.453987900458963
1.757258584627055 3.472391370679106
1.5910768045834072 3.529175298902168
1.1522532562934025 4.242191854519707
1.7356744339620185 3.480171066643344
2.165685866438655 4.736202655871501
1.852613927952754 4.725625760213421
2.503458386210532 3.528825510946154
2.9247837673387043 3.9079959763709993
1.1531700977558168 3.9845720433949268
1.2309138267178754 3.8181146363775116
1.2677408050143786 3.770130550067871
1.1586764203537148 3.9736677661336213
1.277824105561037 4.442104629751299
1.2397124346861759 3.812540012850421
2.0170326175162008 3.444147712675563
2.329216702966115 3.476922236219723
1.1902647935288282 4.298067318042063
1.1487475965312215 4.080367841508326
2.3809336719221577 4.686063991455183
1.6916612678670528 3.503010387058069
2.0858871468753284 4.72594694603796
1.8156087603307318 3.4718841705405983
1.268566314156199 3.785872040060863
1.577605098323653 3.550017020914491
2.4200512905067697 3.5085188918826877
1.2333572176267116 3.8465659059020445
1.169941852469268 4.006616773867053
1.1635608931295782 4.067280568112827
1.48093432079522 3.608332099142366
1.1714468002931542 4.024256300769477
1.3009464542611417 4.427908183352619
1.1687684015543351 4.053509141178046
1.768170419639363 4.67937258758225
1.8336155205096367 3.477249430604883
1.1692807106708019 4.073936921397923
1.1789658441121125 4.149925929386611
2.4254977683798495 3.523623611003323
1.698982619403676 4.652039173009459
1.207656972092482 3.935317032702584
1.1980544546871834 4.2286664578133975
1.202079337185509 4.240569162335683
1.707742405742373 3.515052229998959
1.1909211328972256 4.200154320878132
2.5928618313450897 3.603996905702102
1.2427446082780165 3.8720915628865513
1.1945478990168263 4.004954318222943
1.9727771270965726 4.69254105936928
1.1963298795078423 4.19085399671927
1.2328403446300649 3.8988626607118486
1.5694006919478547 3.5770395949247265
1.6157688465402633 3.5555545872876775
1.1914944814435913 4.0537842720011055
2.6319850326458107 4.537844072678443
2.4459541126526294 4.624448076908148
1.5582733788605003 4.583192129494577
1.4062815012195282 3.6863426197097775
1.3916343306727317 4.477218585254338
1.733508534478171 3.517417505434798
1.9383373990650044 3.4779260434497115
1.3295963585530253 3.7674709477620167
1.5230593042439555 3.6123513525803626
1.245024885327326 3.903222226605169
2.3037757441403746 4.653353085024331
1.2688587033148975 4.319546464607635
1.2231638265685563 3.9656556959687146
2.4613656519947473 4.605347404812261
1.3795885550388165 3.7227971768325454
1.2163980032459119 4.177076877400791
1.401925629096552 4.464392755960101
2.3214959137542737 3.5124092792642134
1.3272153037431593 4.386706367314531
2.355282719589251 3.5236415139483745
1.2638605258048716 4.283141825591712
1.8020873197626937 3.5131878449728435
1.6774018431717417 3.5521820235761887
1.6089665141975535 3.5835283444722235
2.849391396360699 4.240492945152581
1.2570872157613302 3.927693978020462
1.2390632428096287 4.1883104385383625
2.501292119337945 3.5883702169095235
2.0117553941544326 4.655928935869526
1.6771724606830416 3.5579466638955237
1.372322267328242 4.40767500325651
1.4355352687071794 4.463937419887171
2.829351354137446 4.268672128075221
1.8921225414877345 3.5052631870503115
2.802633726537989 4.308774109030878
1.6221715754992112 4.565934791136712
1.2680599689231697 3.927718025628038
1.9423671777276685 4.643454164752366
2.39890452839881 3.5524049170441887
2.007682332477926 3.495656212784472
1.2534391084339336 3.980551458904381
1.5761511272093507 4.54168430536846
1.4572348481541912 4.469464814965619
1.3192677253878071 4.328948601274914
1.9530978402247914 3.5050203611045294
1.3562789966703215 3.795848242600825
1.883574083213122 3.513927409780222
1.4429527538685896 4.447397395166102
1.6005772981222601 3.6040152382399744
2.03288191154238 3.5019388373399107
1.492896331499463 3.6706825673337673
1.3245774496233922 4.315571652479677
1.7185020743810433 3.5571475035425757
1.5217073179707716 4.497266073755291
2.6807050139292046 4.42409411567612
1.6494965959358763 3.5848653672492716
1.9617618561251868 3.508293025845434
1.8895907889344008 3.516991525033444
1.2845349239265114 3.93361687983535
2.0295727312457648 4.631046204943055
1.3170092489521497 3.868915623996203
2.7416552244010006 4.3530110224685155
1.7140809876522463 3.563339529695067
1.312243090640316 4.276591602990246
1.8992876472436186 3.5205976062613975
1.3119923724639142 3.890554525899203
1.9557309892217318 4.618967314383104
2.821885730385054 3.973549261248049
2.7670682803113764 4.303686701669712
1.4085110394287044 3.765759060219575
1.2998927582201074 3.9417913400945674
1.3753001905045452 4.343231538061958
2.1550985399639164 3.5210940033340936
1.3659243938685102 4.327890765121477
1.395997452561399 3.7843418911687077
1.9670734011653424 4.609111950901399
1.3109964458377896 4.230074142571023
1.640931311864012 4.529052302672175
2.245804744949082 4.590977797336145
1.3450829990371254 4.282357895699679
1.419054268769761 4.373560892581841
1.540530894050093 3.6678992653240243
1.3552901567862878 3.8538492225807226
1.396257721128948 3.798892292472855
1.4035839877234033 3.792452238800096
1.38742267527676 3.817466156731462
1.323699784449322 3.934295697957408
1.3203216228184524 4.200013274651178
1.3884737265920735 3.8203247426601736
1.8045693597069454 3.5598856772455476
2.2651347390949685 3.551851807377179
2.2232435558959347 3.544188989775454
1.5430000126455519 3.676461476629377
1.6317786189186214 4.505050103194468
2.4549362429810264 3.617827217597351
1.4422635931127072 3.762901270586337
2.7904101921576494 4.146328553000631
2.7972263190882782 4.055124209884871
1.6986772575853764 3.5987290202831685
1.5191307115773869 4.43225811650389
1.7906583769249098 3.569388490594851
2.048819865828825 3.53444399471457
1.456241128814161 3.755659763372115
1.4673705458033044 4.388424298065902
2.725034059270815 4.284853424240544
1.4738977866585077 3.7417983977693803
2.298315269444638 4.55293054241274
2.725096179391405 4.279475158846323
1.9701827165737147 4.575553036161675
1.3666047456257242 3.8848802658458568
1.391267315719991 4.291472916834653
1.6919879079443785 3.609646084293567
1.377487569016541 3.868949524111034
1.360831544519899 3.901908035461948
1.382508125972063 4.27356014742981
1.3446552941609315 3.9414020004872716
1.3276982967510198 4.007151544020797
1.377750615432126 3.871299992306134
2.3205778443487683 3.5805555608070803
2.0164902179113295 3.5450739141167156
1.3321328845602678 4.108698742206719
1.9219505778699297 3.5544337336114142
2.772425883035489 4.033085190041952
2.1812713590568644 3.5543346715279527
1.8067203120692696 3.578130236739567
2.661867404554189 3.7924435024922
2.6968278135827326 3.8378710971349164
2.117882475593347 4.56481190939315
2.73759705078616 3.9120274641673376
1.7635684829003726 3.5920053818007216
1.3438053307561963 4.138047031434957
1.3704965395833717 3.9137563963283677
1.4207848699458403 4.300064762520894
1.3484376825422033 3.986627190859903
2.6853040052414743 4.293957828996299
1.3819688335848916 4.232928840037214
1.7180138957421447 3.614300965599726
2.6655530932713694 3.812210778177345
1.641734304049009 3.6503825608364706
1.3995303377159878 4.255664192727664
2.1220492695959052 3.557296240171647
1.6632263023099 4.471611940796003
1.915712200452738 3.567060533800133
1.4581776907295696 4.325043307378504
1.3571601709823495 4.12232493957431
2.1575030355210454 3.564200532025799
2.386899342562413 4.489998550786691
1.9775243185578566 4.544657110407589
2.1115295362474376 4.545022887374278
1.5700326836168859 3.7060492973324313
1.5285850363026896 3.7380472511956344
1.3615747113259362 4.094413926961632
2.206290860949091 3.575649533857317
2.053891467590497 3.563355983813978
1.6249642634151014 4.440176372178967
1.6380211778832239 3.665632136983147
1.4185361225004955 4.2507342410128865
1.940401160937339 3.5718878716093214
1.875511744025218 3.584276883302716
1.4231105323167392 4.2494128362642805
1.3772062348375282 4.129806712823999
1.8713306563699426 4.517114233165367
1.8714983439458823 3.5867885013986327
1.4647670866269151 3.8162525689377214
1.395799148839097 4.184506927684937
1.4790938787308183 3.800690318495483
2.4034610063604465 3.6438615550419184
1.5329755357072987 3.7502277597965277
1.868721153289249 4.509762377711631
2.5067762613733686 3.7029152079159084
1.5466528433290194 3.74209841888533
1.8542772788086648 4.505374749092576
2.0642859951286403 4.5254680211757785
1.6084060072272335 3.6973186059674212
1.791479387349565 4.488371424001087
2.0967726644098184 3.5764602972739756
2.6226625177530845 3.808742560567567
2.105547333010017 3.5778221714687324
2.540370172259332 3.7318572491652877
1.5241761100577371 4.342840901378016
2.216485229470958 3.5927251185147018
1.7263911215102734 4.462384962721871
1.6879803872543666 3.6579910243050064
1.8203130241331933 4.490717143315967
1.3928068147496913 4.008358568293148
1.4931866112045495 4.304366079349993
1.5456149770866796 4.353272017884675
2.1369989983560234 3.584917091132507
2.3459194733350044 3.6316303736587248
1.7650769394775716 3.62968907252735
1.5387647283395605 3.7620149964112937
1.448170767050727 4.239411043718166
1.3949463114164893 4.067944593684659
2.115118291611857 4.5113769088608
1.55775448437014 3.7466377337867676
1.5267177595802555 4.3299194148059525
2.635053601101795 3.843586943455375
1.6776022175591285 3.6715211063537168
1.6671663451678125 3.6771441605212476
2.3654990753312086 4.45479484381648
1.5596159369637608 3.749517641161765
1.4345399522049789 3.907107529900222
2.6887424379071447 4.155998418303383
2.4647030722558636 3.6933479223851324
1.4300523752807732 3.918453983116478
2.375192792463901 4.449404096927996
1.5009656021519688 3.810487369068385
1.6518438078113828 3.689194600777624
1.6470283172224822 4.408224570999918
1.4912775352784746 3.8235528298617947
1.408282092060331 4.003317335387817
1.8776855472952105 3.6056877093364434
2.0115283416137797 3.5904203255352862
1.6949072722858767 3.6693748925242953
2.416319450906698 3.672759671541934
1.5099564792821702 4.296995303272437
2.283026851468302 3.6221439771423802
1.6638539010991373 4.412018640867905
1.8086470995588042 3.6259321947555385
1.6474081736524584 3.6959713505797325
1.6935957935899217 4.424632283601025
1.5326296475389714 4.316434689270219
1.6145702889847409 3.720056644508034
2.6798985767803596 3.977093330683714
2.151657827929522 3.6002126084301764
2.021248097361614 4.493570387639478
1.5240773939911272 3.8021152630079667
1.7356998292235066 4.435602175380831
1.4411789442787264 3.933820321621645
2.665387636295589 3.943137766142589
1.440471182964959 3.9401664543888604
1.5820022987716051 3.7505839775211953
1.5976188188597773 3.7385967557966064
1.522552562725477 3.808219068613886
2.4171644107554466 3.6835479874797783
1.4606942876696818 3.898880210317399
2.0114634884415894 4.488874773952673
2.407204270033214 4.413605229518024
1.4516855039644454 4.181846153908959
1.9282880494801478 3.6090341329155837
1.7664755306339541 4.44050065860661
2.6340671067972985 3.886499531870853
1.4784526809649812 3.87355891748509
1.7014980492171372 3.680841847734199
1.8886090856553384 3.6191811014479334
1.5990937901234978 3.7467068817391747
1.83129554762304 4.4550217218100086
1.786761559451135 4.441378644336174
2.2120468454476763 3.6196545682344063
2.4037877594402213 3.684553181349361
1.4906095000297421 3.864695330436237
1.5473801302049157 4.301850635272368
2.413674106969289 3.690015903055309
2.3952155933843646 3.6811571295351215
1.983193325045351 4.477677755598081
2.669025003854599 4.069581679216993
1.4633364154114836 4.180391248656531
1.4522815614641011 3.9544952684682486
1.6821152755330093 3.6982539946499546
2.395440136386654 3.6846967909726147
1.4418617798507845 4.007642353005736
1.4431322646546978 4.0188057558237755
1.4434837303474992 4.033984423094641
1.5905521645129248 3.765278062418345
1.7097616374604494 3.688026167571165
2.1684092423365264 3.6200072434131387
2.0578619618560308 3.6120216189678
2.2589665909207453 3.6390517027950344
1.696572363135305 3.6969666466302766
2.5072489163698486 4.327910666896184
1.8835866451904484 4.453279241718707
1.4792268113718288 3.911606077942754
1.758174778806243 4.41647931332424
2.4196135602027855 3.7045023440837452
2.2042008266875976 3.6278239647533552
1.9970090387020154 3.6158651602174428
1.4493993264318041 4.041067849641484
1.4941922763010003 4.208580457080426
1.4507156354917823 4.064776575562312
1.4554183146410697 4.097812014716875
2.430823952027968 3.7138284646411406
1.8412241539050762 3.6436519853375384
1.7527830278158902 4.410589101757153
1.5376337599360343 3.8278741633484867
2.3395238368548124 3.6695555976387673
2.208405118495724 4.450270213124888
2.578850310540162 4.247368489455801
1.6913765650031691 3.705721218388239
2.3826140536419627 4.394825461883746
1.8690643554955935 3.638613119305413
1.8481221160487644 4.436727170415067
2.155443355766761 3.625208669026295
1.9959923731334375 3.6208426611684374
1.566274763762977 3.802618533870303
1.7238500600045235 3.6917930769185516
1.707570028642562 3.7005972401763665
1.554694138286008 3.820487574241177
2.2609514640415074 3.650373340825811
1.4718442737351771 3.9829848491796875
1.4656183674233452 4.037727729669312
2.1798384160797313 3.6342215239686873
1.4677185135776218 4.070849725110496
1.4676226867317899 4.023815317330786
1.5372519286787323 3.849095191038848
1.5536020999224498 4.2583984407697635
1.5887477566238966 4.29396710031971
1.6659870079263452 4.351133388191379
1.8914524513187139 3.6423199025485307
1.512833449421635 3.888040169046148
1.5506597109788174 3.833608727523555
2.416063465505089 4.362522035213654
1.473057054188563 4.079901381361987
2.441917924603286 4.346272372587306
1.6641577327542278 3.7363002810677495
2.631727809618277 4.060244852011519
1.737119167740364 3.695779591684667
2.1290870094867853 3.6321951718911634
2.5245176639664506 4.2778480162413475
1.5407335694625077 3.8533169183017186
2.3385192900207428 4.394509717353126
2.3154586500494547 3.675979070508036
1.6324192540912854 4.32096051081386
1.818179202937909 4.411463432100467
2.6242384734519266 4.020096690508761
1.5480269291803626 4.234894712959516
2.456079274028971 3.7535037744704804
2.290477395274823 3.6706703977102206
2.4877962470644546 3.780813884890216
1.7347054230677126 4.373811340030587
1.770847850803566 3.688195773599096
1.9732727934747085 4.435292764301688
1.539023366098373 4.214630089226016
2.0975384341307812 3.635954046940051
1.8034712605038343 4.398917205865405
1.5020163353885327 3.946104934187176
2.28689401671828 3.672496223746015
2.3884150728289466 4.361090266509926
2.3346142790862214 3.690945104569966
1.4877987843585898 4.061040746706771
1.4918910430447088 3.9960459106937254
1.6876803468702797 3.734674399624557
2.110100948326471 3.6393897910909185
1.6652943722153057 3.7494587657941936
1.79147166694074 4.390376167624682
2.5346766423545293 4.2451350097649545
2.1153104525709674 3.6410019826945863
2.6105019202175725 4.005011896460276
1.7747691315716991 4.381060397293092
1.5113489637660913 3.944533258495184
1.5213806673578476 4.161236983624112
2.5844126284975713 4.1581950190026715
1.5945800765317393 3.8151374694095592
1.9119464447482848 3.6545721483210363
1.4994763571263734 4.075796611177171
1.8135115502899097 3.681877153964251
2.364336276063371 3.712838276446582
2.0346538950932564 3.643021758769625
2.5472224554578995 4.216130159974713
1.595817307752492 4.261021794376139
1.962734898980833 3.6485607205282715
2.5803892380991895 4.156376203612777
2.604001614902682 4.017324068603597
1.5790641572465867 3.8379612744860974
1.5002788885953213 4.045698842573139
1.5791884865228818 3.838641973384406
2.4132673563938325 4.331895731948135
1.5235472228384246 4.147402341898258
2.0130364550562305 4.42142788957647
1.6462153258384085 3.7783465214941523
1.6237078907452236 3.7975982848334833
1.6451282375658967 3.7799126918133688
1.6228997836140655 4.274784754313699
1.9948160665967052 4.416293138184938
1.5141938479067731 4.092131179678518
2.314630623209538 3.6993309413998166
1.510610618056939 4.022258823866593
1.95223775549838 3.6571624922743897
1.5112426233976861 4.053267411709885
2.2887068426671857 3.6902936094685135
2.5092441223090973 3.8334069145862997
2.510513760970945 4.240651826706965
1.8265094254679446 4.381557783193103
2.1552389605609252 3.6589265981695
1.5255452232777207 3.959406249833948
1.6659775245758606 4.3019321719879455
1.570432005396435 4.208084034656892
2.526275087042662 3.8577983696168157
1.6589044233103456 3.778793111076638
1.5178153739089535 4.01585254482178
1.5178736284790677 4.0604545981196365
2.1432892138827544 3.6598863279323304
2.285646079890203 4.373174543172353
1.7014130706201358 3.751648460352901
1.5757991388063837 4.205797596795784
2.054398674378035 3.6559680525463705
2.463406262498854 3.798250663720185
1.5826138616816532 3.8617981892475086
1.5276050528251632 4.089572226003174
1.5249238433574932 4.003312849997175
2.5789380819061805 4.069408484438305
1.644914420217985 4.272736612783898
2.126751727354361 4.401748368701861
2.5683723746026685 3.9620206513319487
1.785975172924619 4.354994019474243
2.0767101825548226 4.403975119154591
1.6273004082057414 3.81710547833809
1.9042542977779497 3.6759121870827407
2.0393798635588136 4.402953863585528
1.5850449105102709 3.86769783543512
2.4956587013562848 4.233957048410175
1.597575546882544 3.852528595255259
2.1028672055368975 4.400005170385461
2.541267249073618 3.9067551102988896
2.1597130766513093 4.393360713884908
1.8961930205941695 4.384244515127916
1.5774338380112056 3.88345047544248
2.1157314902216133 3.665386604720874
1.7289946367787976 3.7457049876962984
1.541144320938629 4.102386456672661
2.5716082563800096 4.031917895781019
1.9216478408046884 3.676019360509784
2.519862742321485 4.194410670269045
1.5417485333510474 3.9744082984323885
2.2799912362693187 3.703264865262362
1.861285048729989 3.691546958916586
1.8038083911379388 4.353297655753049
2.5577881045341972 3.960414587830569
1.8136767368061262 3.7085732594108083
1.6326883853010177 3.8228720309993665
1.5575769855836132 3.935726514397045
1.6293633239349814 4.240359603411578
1.554783456799847 3.9475540581689503
2.0785198065464523 3.668103875848143
1.9793209496323343 3.6716362921784835
1.6128267062330315 3.8486297412623878
2.1256786815843025 3.6719910735852457
1.7956452515763925 4.345193326941229
1.7093506736415591 3.765390225933347
1.770636785643585 3.731038260801129
1.5497643647913661 4.0938176270177555
2.278812225052551 4.353262191124153
1.5821839126394632 4.171424886513456
1.7240649745279788 3.7582107903649637
2.5584819672863444 4.057909451236406
1.6211739690854905 4.221523847122604
2.250037415842797 4.360261940052109
1.7478512867066773 4.316753022365391
2.074350052557399 3.6730880667499757
2.06620625312646 3.6729156392240125
1.6115129074196408 3.8607136606474968
1.7511424590284859 4.317203415054111
1.549178705785625 4.049556783581645
1.7041687625739208 4.2893693003022895
1.6322735665138324 4.22955278745589
2.436200141261585 3.8031748485022314
1.5943158504793065 3.8880076320829935
2.553754113110126 4.0495297402284045
1.732166335477018 4.3046045856658495
2.3445367845692267 4.319382413829535
1.8351343305387278 3.7108938063324395
1.8543879143128201 4.355410531701772
1.5822649245075522 4.1542563121829215
1.5533654037490925 4.0124870115786155
1.5623723487503403 3.9670144221590906
2.3170153598669088 4.329339112227782
2.188250203939898 3.690382270234403
2.413284991394307 3.7893874760938924
1.555491132276236 4.0467173438986945
2.1822108659405637 3.6900233411825383
1.5621565128840698 3.9772800939642807
1.557777491290149 4.062257204742574
1.7237955535516412 3.7680390579201384
1.9700574047108494 3.6835662976020234
2.024349666145044 3.6791968119406713
1.5594065399653039 4.008985694920377
2.463135647300867 3.8386191901427718
1.7514780044379497 3.753600232158262
1.597527680335087 4.168385310270577
1.8308383491457338 4.340973433132436
2.531891620957111 3.95574335218294
2.2670875238686836 3.7163142397289337
2.5238680793666357 3.9396716901339808
1.834741837084891 4.338468417809542
2.1487743119647034 3.689489932422184
1.8065535629941836 4.3274197580923355
1.655916749882617 3.830611785356222
2.3495062333212484 4.3019112924946095
2.522185400145777 3.950514693349844
2.2343694989948557 3.711216535303459
2.3324906906388985 3.7516635883353535
1.809649387400709 4.322743876381173
1.9388309707793911 3.696575739879218
1.635147690902914 3.8611535655385802
1.6150837859936582 4.1725986623617635
2.1379053168396838 3.69314892660168
1.5733236008078395 4.051165450453425
2.3941832354977 3.792337468840302
2.0012232342734504 3.6904104768956953
1.8096737937366443 3.736716558037013
1.596492879705701 4.129747895899747
1.6744287523981667 3.8244034938033153
2.5031346113315247 3.9230834111525663
2.0028439033866907 3.692347283668074
1.6007562484124116 3.9271415592523757
2.1994640381977932 3.7078609447670994
1.8800192342221644 3.715033674727858
1.702132556223933 3.805796480521316
2.5197378858784343 3.9914336659677705
2.165606588035215 3.7036628156959237
1.6195657921276123 3.9002491230756378
1.6357886009708955 3.8777396664174253
1.6538534426488174 3.854962018667973
1.6902806942115962 4.239061370602164
2.3758374581348365 4.267551269812297
1.6417057027070094 4.187152688100958
1.676266155031827 4.223988300579872
2.20651746731452 3.715104861456421
1.598050482486276 4.103528647622426
2.0303719143546988 3.6969154718544903
1.6086795966542335 3.9311689618689747
2.1370833584086073 3.7033633726924666
1.9150792238186545 3.71309087995124
1.8175697356857676 3.744491390104715
2.3179830301306517 3.7605695624552244
1.6584418975848476 4.196889568882153
1.6892359581189083 4.227652428508125
2.5097716274880497 3.9988574754273056
1.6441251169661746 3.879280540061229
2.1181754371337385 3.7036129435806613
1.6050172572854482 3.9556416427904653
2.412791899046263 3.826878142434343
2.456867612410531 3.8758178295988253
2.5082735420588858 4.063464816470427
1.8275879660052372 3.7433042355089503
1.594390842503858 4.016212251271928
1.666792544834338 3.8529238419523817
2.347629765684919 4.274123978843689
2.1490260600357325 4.341615098731938
1.8183223006451064 3.7482412485966723
2.3278834800777375 3.7687326176224896
1.5954863328037379 4.0231970647857525
1.805554946776354 4.297073720120709
2.443505958184311 4.18990481167975
1.9127238975782137 3.7199771654123635
1.6022705099236174 3.993497512008636
2.1989538622724343 3.72201669809583
1.88376740249394 3.727874839387905
1.9325426710740463 3.7161347834752654
1.601056027102262 4.050270813848107
1.8054723877960233 4.2935395253921795
1.6524510273643498 3.8794477535405774
1.6955272004093207 4.221957384364477
2.5000252068638527 3.992711252599342
1.6033578102413266 4.005431883176898
1.612033893309744 4.094115649717539
2.2376879079222345 3.7349832272783687
2.3582430988243286 3.793492495351344
1.7667863986829768 3.7807793826687184
1.6039373958036873 4.029633869448718
1.8223611354283815 3.752964424273945
1.703893022137225 3.827554305142824
1.7952371227817099 4.284584222769679
2.3116282261000944 4.283131782236291
2.299401985158878 4.287533263109806
1.6137242055347363 4.079921617049764
1.8116354544727578 3.760619464269187
1.842449781449414 3.747526707494058
2.05091020682832 3.709474745660642
1.8218525852668606 4.291960698503053
2.401839388656524 3.8354104295747864
1.6112348631616993 4.013537937470454
1.6408749237763365 4.137338291016893
1.6811280014652596 3.8597495719158066
1.6206652374095378 4.0832855765347915
1.614068657345892 4.013166293343243
2.2245067664550175 3.7387844847347833
1.9348833070003082 3.725006180290289
2.4755962751160703 3.9483853030443665
2.4650772090380304 3.9244424910058897
1.6160264223459737 4.0132322990699425
1.6158357421264544 4.021859820331191
1.6172480431240521 4.020647804527826
2.020403552845411 3.7168054034284568
1.6269149215482739 3.966720001009408
1.6670722102068576 4.165943475145962
1.6389636200792332 4.117937359729998
1.6739944893629448 4.174263980206819
1.6768350177956588 3.8739365926135836
1.6416176780566707 3.932532221685869
1.6382040993108995 3.941467839743552
1.8372756586797936 4.287719263284713
2.10958793225724 3.721084930892267
2.466829645388961 3.9466267088063813
1.7165816672017498 4.2140840749190165
2.380567485318815 4.220271614637347
2.3445391094485957 3.802546471948049
1.7647976384864428 3.799691687741039
2.177841561290158 4.312032064357599
2.405400766759909 3.8543064136067353
1.6280342016323908 3.991216978842126
2.4104934999067122 3.861379499265097
2.092895227809989 4.322276690389505
1.9512965546485923 3.7294728215865893
1.9177386801238212 4.308185231276399
1.627310569785471 4.0140946011021805
2.046151605352 3.722007299354087
1.7490080090233224 3.8146158544381565
2.471749177840352 4.064977262048732
2.102743201061018 4.31903032331373
1.6578460384869198 4.1324304759410975
1.646544512980799 4.10760133537495
2.1115549234222564 4.316821075575645
2.0334537267565964 4.319162657906356
2.1842232994126127 3.7395614209948698
1.8001595736434468 4.2601314292307455
1.7430139026189073 4.222958358948334
1.6690587748079926 3.905596138648546
1.638928165340017 3.9869775602000495
1.6710769665616145 4.143030239402529
1.9806464736129048 3.7314937211641395
1.7595650244938037 3.8147208988500854
1.928997814383896 4.30184229040298
1.6457517955626504 4.08328263888943
1.8873938659632818 4.290658327384654
2.2339357753936575 3.758864416297382
1.639199093208753 4.029857214877655
1.7885658194869238 3.7977190354964643
1.7202970159669315 3.8506747146413116
1.660489867237477 4.113643045970079
1.6948892849130992 3.879673129978005
2.1434425404629103 4.3045676673946565
1.7533323686092799 3.8231676260110095
1.7186495977601484 4.192411561077899
1.7510682126317492 3.8252565376159122
1.654412283087962 4.093003334678797
2.2360423445762394 4.280101131351192
1.7997191620757813 4.249289103738072
2.4308652568447284 4.13228203214164
2.4564590921454346 3.989171288763068
1.8474045662933654 4.270155957104516
1.7838679951924354 4.237436883299647
2.4581328883102165 4.025773042629528
2.4503366293821127 3.9693557760198703
1.962298430647851 3.740960899912249
2.041626861180567 4.306638593051736
2.0591125695795918 3.734006950553448
1.750574263452532 3.8315264377045253
2.2108917752910537 3.75764399136026
2.0101629417642477 4.304360043090274
1.9768987845085084 4.300575829984745
1.8473577612913339 4.266071928074242
1.6533598542169108 4.059499294428283
1.6516136786752642 4.048032774726043
2.0821258482712786 3.7364398390427205
2.0127156542112306 4.30266790169736
1.918411594312469 4.288018201111182
1.8575201611044372 4.268961637927984
2.3726238781506246 3.8513605000846347
2.312077126616476 4.237361325573622
1.9077135606280915 4.284860050102295
2.4416048453621695 4.089292573033002
1.68290276434728 3.913403422355624
1.6895646626386007 4.142599945638437
2.429244945609295 4.117325782523034
1.6565500818789778 4.064020920115044
1.855056178281124 3.7747491022462305
1.9112855381360325 3.7557692377879803
1.876429487739039 4.273895059064799
1.6813160905421771 4.125482972925848
1.96628553213854 3.745297931416812
1.7293367712940884 4.185328765370485
1.7214880831266386 3.8671250962733392
2.3357416994539792 3.8257619787607013
1.8959452642932038 4.2759291081321695
2.240718026473291 3.775557706424746
1.6764056228253272 3.939358795418723
1.976730086168255 3.746207463038521
1.8000087248479009 3.8080184450673364
1.6693984432726665 4.081390780000203
2.087083401733825 3.743175136893768
2.0018910409515756 4.293433049039912
1.7579010030202447 3.840226393448835
2.3545690900639396 4.1938572303780655
2.3807593728100622 4.167350142143971
1.906537362780793 3.7650900175771356
2.2258596652842626 3.7743254393013284
1.6751533599726842 3.9591263263655248
1.6710475097587831 3.978216243161499
1.67812706505407 4.087918250226285
1.6720613655185042 4.0671206070131785
1.9328275548342295 4.278133343106927
1.71336558797489 4.150709717932649
2.0594038940065866 3.7463490104788564
1.7039803458541238 4.135936048947622
2.1465791552480615 3.7554435778772364
1.9018039510165439 4.2689794053328525
2.358076380506565 4.184352002000391
2.054633233674104 4.289498391121074
1.8182918436794315 3.8056616127818494
2.248060298880168 3.7873174202423368
2.085666044416262 3.749760083276649
2.3085288979267533 3.8205966014984107
1.7230875257643818 4.155731911781127
1.6778411329159983 4.069152594185782
1.8087084548251098 4.225157582296558
1.8276810093601414 3.8031940182897985
1.9316601426351372 4.271931449083078
1.7671405009955157 4.195346768519923
2.137166544320854 3.7578282541758914
1.8249439602574014 4.232111938835593
1.6766639564909451 3.9957261726862265
1.820947200802754 3.8088615548413634
2.3570118426219926 3.8636704550074916
1.7047361376447216 4.121029517121819
1.6933483955041884 3.9428418552440654
2.1866988077014073 4.265835090750517
1.8165081541527668 3.8131272075866383
1.682515497443718 3.979328244305893
2.153195734946569 3.763286490522275
1.8746624781581072 3.785654108539917
2.3593172350640295 4.1706011280325495
1.6788415521910527 4.029499734423543
1.7950354272669922 4.210579851782125
1.7576841245110335 4.181176964059118
2.4238557949810438 4.018441324878909
2.319911169733215 4.201080654958974
2.0346022540590187 4.279912475891849
2.0883644616812305 3.756312116340965
2.401497316380562 3.931468722115922
1.6812674356541635 4.01369743811301
2.3431803412609615 3.8570034811023843
1.967384293905595 3.762628191704202
1.683818595523716 4.044447760688055
1.7460383388262597 3.873883997768372
1.7386380016261884 4.155941241113401
1.708770997025885 4.110908254593722
2.355711425894032 4.164294165373072
2.397998019061914 4.1043466874003665
1.7640947523155952 4.178447299516735
1.8692555838305276 3.793772859966199
1.6872352198478398 4.035341421037624
1.6977856462787166 4.083006007440267
1.9360041014879479 3.7726679214820353
2.264276886276851 3.808016333589864
1.9577130330880648 3.7684589783505267
1.7310636206597503 4.140565039182245
1.6934442111764776 4.061343202229693
2.3245413810047793 3.8483882277176735
1.7061419724754254 4.097538483905849
2.3785676377259413 3.9071452639314246
2.1809785970580653 4.2567456957109675
2.139211367240906 3.7686364271995436
2.2328892429179583 4.238908617710627
2.2380952696836487 4.236771768347155
2.179179157197405 3.7780755093240863
2.1425611451087185 4.263829319343325
2.0655820428453833 4.271504316595248
2.058239787928173 3.761994571603849
2.249915334180058 3.8057890079561276
2.007021828657807 4.266861483011711
1.8857520079577055 3.794405120029534
1.939420908192833 3.7784769825361946
2.176704387825272 4.251533810723157
1.7915097707773002 3.848641893926185
2.346550910487793 4.155855599406774
2.02771728439695 4.264791774444229
2.072786821831641 4.264807610200907
1.717221431184583 4.091762456609337
2.077075038045392 3.7686227479335694
1.9511280450641006 3.7795393449472505
2.0220436935116153 3.7697257291869066
1.7254554503289634 3.930855940056678
1.7065964774829896 3.9849651936278714
2.2996926433220986 3.8442939313270714
2.328965519210792 4.165916193751834
2.2199632231839757 4.2313792922130835
1.8595630071691183 3.8123503627955793
1.9691177986775181 4.25428277066772
2.150394129495678 3.7811609220232287
1.955000657448762 3.7820112911734793
1.8899412257323494 3.8012132813183483
1.9504298765250903 3.784279439370282
2.3795009836869583 3.9460596810362714
1.7102970007846758 4.00385655593724
1.7846062712565796 3.8663590254474234
1.7397140160336066 4.115325736613731
1.7995362984219052 3.8540009684627767
1.7115274945454901 4.017142696947012
1.7160807955229502 4.052001039038152
1.9824418290067132 3.7802884376889674
1.9233151411118024 3.7934854075709157
1.7158117276824616 4.0448366063539245
1.8412171483428632 4.203342916552665
1.919494947879017 3.7964071910988646
1.971756357052004 4.246202425284312
2.307711853450461 3.8621562120925867
1.849380251112248 4.20500414174472
1.8315793757055827 4.194828890680135
1.7244951190141478 4.066163596809498
1.7222165706113615 3.977766759338777
1.8421426377521668 3.83166313108986
2.2770710746214027 4.188920937627
1.8277140041666082 3.8460467468122155
2.027904195160997 4.243908572503947
2.016390550342623 3.7856527803571915
1.9716446559049647 4.236476461097374
1.752731695058089 3.9296006926348133
1.7936757445496039 4.152537219500333
1.9740876267364 3.7925416611527436
1.7875003445302686 4.145897727906598
1.9422014629968787 3.8001988711555805
2.018983811743012 3.787758663914431
1.788501239080277 3.8854013845965487
2.085800653021814 4.239907865379978
2.369535864746839 4.050487142761702
2.2478965512049167 3.8348326921800817
1.794884807270792 4.150652338411004
2.031152952898709 4.240113199951323
1.7322114738271759 4.013106226858972
1.8485062893240447 4.189200492142335
1.7518299656668939 3.9381188805973273
2.216625700244509 3.8204544020694176
1.8658965737354754 3.830867349658602
1.8690314525183391 3.8301925269710155
1.7418038604753456 3.9664827583160323
1.7349116482940143 4.001808525274891
2.345360647150943 3.9289197216725302
1.7497037601012553 3.949048375987288
1.8018949270846847 3.878249293202446
2.300546333918225 4.152203356974151
2.2581849593998045 3.8460169381740923
2.2852105908658062 4.164418661217991
2.3162767739157144 3.894469497410865
2.3619514360098903 3.978715360970539
2.2193199532076293 3.82626949692453
1.9175471025356299 3.8136844270767924
1.8375084440133727 4.174393281794288
1.778270079762195 4.120126880256402
2.1683734532623147 3.80905735137715
1.9020356369105633 3.8208880560747374
1.75574359196344 4.082464776801455
2.2100020688722744 3.82434193578928
1.7649106960148628 4.098950898723048
1.7419069449141065 4.002458487070405
2.3492297374260422 4.078776487424395
2.3119145508838264 4.133364458838419
1.9982475949580376 4.2286322055008005
1.8304750814361221 3.8623753015887514
1.7687527407024402 3.9285588287329105
1.7695330842779988 3.927512296587211
1.7952991543453058 3.8950178685030465
2.25180633048314 4.178232618844674
2.3570044651015336 4.0013082208850586
1.8261252191630328 3.8697347322908837
2.165690883367855 3.813389378600223
1.750227808397672 4.0391241093192125
1.82874033537795 3.868237977335466
1.7921300581204556 3.9069218083472137
1.7547187647385152 3.991000019653354
2.148083565764772 4.2130648189963065
2.107840925105382 4.219960866651186
1.809371433224721 3.892439814739485
2.1693189678743243 4.205443329679412
1.7804739677221646 4.097811009456612
1.891969689294488 4.188034604139495
2.140269128679195 4.2113729077806745
1.792978336811516 4.10993593792894
2.3407082669429538 3.9808082773859144
2.156459673480917 3.8197915988340196
1.905637265617462 4.1903899123551955
1.9596348022958652 3.8171476555080517
1.8390695587690058 4.15249604515823
2.049555872112267 4.2170444339106234
2.1004324700439896 3.809920555035212
1.8853064777069073 3.845250492808267
2.1212130428862133 3.813425736061228
1.8037705144276746 4.117483202605692
1.8805338124145357 4.175587376063014
1.8603157684794396 4.163948168224372
2.28050729149475 4.1353297586184725
1.771347680088084 3.973598915028902
1.83510456496102 3.881634171565927
1.8518771653056505 4.156253747374211
1.9112405389152232 4.187338065094775
2.1162015096826483 3.815735881586091
1.7700798279474155 3.9926045154856906
2.092678702715818 4.210155790510682
2.244520344235921 4.159575197319562
2.2448142239368605 4.158775908381998
1.8004357462927674 3.922716090026598
2.3262361347025835 4.056108819085786
1.7818368201228452 4.064694596625815
2.0935708075098636 3.815792299060241
1.8200010081413276 3.902346575778566
2.038457532256984 4.208600531650535
2.203133797842812 4.177690972087567
1.7778560673445698 4.047692320151995
1.9345002038451218 3.8340265750174503
1.9664157059940068 4.197692003480088
2.2257078602642073 4.164511481273765
1.8776883605605068 4.162954110361034
1.9304179794790925 3.836693889166052
1.8798060807322685 4.163171439053
1.8020913648149917 3.932016434965182
1.800798347632022 3.934143079950456
1.7790134365830232 4.008517531830519
2.13575319296214 3.827553369657516
1.8062318729976847 4.095001579838242
1.7845009755788686 3.9790360247733
1.8822816859720823 3.862926989511379
1.7823839924591318 4.004335489562281
2.304875590145874 3.947365107026447
1.911377469784692 3.8496884307647354
2.08102104861394 4.198209989613261
2.1203179337804556 3.828519794302836
2.318558971611292 4.010930336401419
1.9946006167681516 3.8268111752683716
2.088482470231167 3.825139252572452
2.159672186808295 3.840152324568232
2.3049772943679323 4.064869661909785
2.016553053293551 4.195162428465704
1.9152927567812876 3.852297597547122
2.171349672342136 4.175621074937992
1.8129160724241986 4.084392891098311
1.792086380130469 4.020255457411261
1.8508286132887757 4.127233007882885
2.2842388927395287 3.929156676841647
1.9260903665950224 4.170524749181437
2.130940136303856 3.836446425065402
2.3054308023358234 3.9780175783392404
1.9220030177968312 3.8537521596234288
2.271415982373068 3.9162567293548043
1.8998003048739063 3.8649827189550185
1.7970542052459506 4.019202280897329
1.8278870431856438 3.9252980747941066
2.2669664996639765 3.9138484026605704
1.9421023156461907 3.847814762148912
2.008966377162559 3.832841329928374
1.9541451844645679 4.175633098141812
2.189372447867612 4.161232208720291
1.816734635472211 3.945630795098627
1.820564199157989 4.081336018139814
1.970072548795154 4.177814301838431
2.2858031594993475 3.949906896164719
2.184015022417373 4.159441793356254
2.10969539824187 3.8391967707923693
2.27256217443595 3.9330800075220975
2.1623861771643216 4.163621002964849
1.8895794961751886 4.137671369705783
1.989697582433073 4.1754972901012115
2.0046938899813322 4.177889762548627
1.9822523677283448 3.845568958304762
1.9729901998441743 4.170673300633269
1.8126006147005922 3.9918273386902046
2.190625346509105 4.149156616047494
2.148842251092629 3.853830885926392
1.894417411863569 3.881635993016362
1.812247857715768 4.0077399445726725
1.822673530194441 3.9610209444736126
2.0354118714926437 3.840020572059162
2.207468620047608 3.8804786830345237
1.8132365639418475 4.010166195746191
1.8254566684123654 3.957268710183482
2.259413237814489 3.927413721718204
1.8634713778178358 3.9075154973364614
2.024172507152217 4.175833228835222
1.818913357565961 4.0359204212916575
2.0560028134906156 4.17458326255558
1.8318512737447872 3.9542967679246477
1.8814995574960938 4.122721354936398
2.2839496260796457 4.0301862176656735
1.819692605149604 4.002715925632848
1.981807691871795 3.852489752155305
2.198293613689419 4.13675284023902
2.2365371473264464 4.107344800157762
1.9405923706603672 3.866497416998841
2.2464811123359443 4.096822164650274
2.1985514822628387 4.13400885506468
2.2066915880244085 4.1289454084212975
1.8329747480814347 3.963476795011708
2.1091222477689198 3.852154429681137
2.050307369711791 3.848030224750679
2.248714579883612 4.088137446584103
1.900254205980623 4.126669143764895
2.0852443405206476 4.166093017841891
1.9052198392841952 4.128948050274326
2.2200940264307496 4.113490199068828
2.17441024173706 4.141148468124046
1.8500000140094484 3.943242463719614
1.9950370836587024 4.16063249271422
1.9144678784810354 4.131408508239088
2.064328404798863 4.16253527325098
1.8776002172694497 3.916107827585472
2.2005490619752455 3.8955382821015014
2.1661799537046607 3.877836954994536
1.873310374408712 3.922032489681775
1.878740723242828 4.1009173663762
2.080871104379747 3.856206022595155
2.238578819336875 3.93058108648503
2.2621512195284006 3.9709371096789923
2.189074994061772 4.126029240504403
2.143025587398436 3.870257579752216
2.1835773904722724 3.887908442692185
2.2657835215185576 4.016589462699632
1.8488086843417 3.9632032445617176
2.1702404574946708 4.133961059908694
1.8542672407393406 4.062435900677379
1.9221509647895885 3.8905418178392766
2.123927403001718 4.148198682968303
2.2545888100607288 4.048947645278841
2.1894270506520392 3.896149733286003
1.9366975441350678 4.131744960062486
2.184082731434175 4.121326920489641
1.9176502958023687 3.8971877604910485
2.0595502242736137 4.153707133163906
2.043547109356477 3.8620316653603046
2.034389500971972 4.152420528044978
1.9164341981702575 4.115941540174393
1.9019296537151023 3.9115509301883895
1.955231475215324 3.882214507749671
2.015115483183144 4.147813937007227
2.205773386123375 3.9159493890818884
2.039696789195995 3.8654780809507114
1.8839370390783257 4.085118744532267
1.9819909204967179 4.139347983757523
2.2494484006304196 3.98873591353144
2.2504867986981254 4.012464051442163
2.245302831312715 4.035124390310952
1.8594172458868492 4.033367525618874
1.877879636179343 4.070659966845564
1.875477905309027 3.9512656499234957
2.2193197171234393 4.074855720461566
2.101617655185416 3.8771005268339858
1.8775920347924124 3.954227539587924
2.0797166574533663 4.139244614713112
1.9154594276050874 4.09756480019291
2.0531505550457316 4.138087321368387
2.0986636416362083 3.8802445928224407
1.890264704312541 4.070371863889085
1.869735391773366 3.9921164677373713
2.1891747976075595 3.923284030649949
2.0919503647645765 4.1315277607017995
2.182847693483425 3.9192682936095156
2.1273532963878488 3.8910196651592073
2.2318833678391297 4.000317798325768
2.228849547472632 3.9849690281107915
2.2150469609094205 3.9542392940046387
2.1815316257772195 4.093843132820527
2.213662964538032 3.9563360415908164
2.119687712958258 4.121505477550672
2.1833388627010137 4.088766242747464
1.9064605494189013 3.938586994748069
1.9201729831604182 4.087844369778306
1.921847718552908 3.9248854128758657
1.8789445051965366 4.009618218405617
2.052616452406543 3.885129957603084
2.221286578789534 4.024084845767496
2.194173906709773 4.072100827416603
2.204437276409574 3.954940135544649
1.8859975889095724 3.9918466573672053
1.9376295515413742 4.092871375668983
2.075015285801513 3.8890091172954735
2.0439804687890515 3.888812265561562
2.1403984921397377 3.90740729068815
1.9029606653171065 3.9567280766176625
1.888703871599255 4.005540983471804
2.0691055973660815 3.891529150479835
1.896905662108818 4.040507054415006
1.915951917212709 3.944047588235058
2.2045605024293455 3.9682590699780222
1.932122702520774 3.9300392079811055
1.9154723843058952 3.9465233860832662
2.140115230614196 3.9120423383693117
2.0650768171887424 3.8938467470487232
1.9720540357108536 3.909846924466883
2.2069460390698445 3.992890434504328
2.1221667743992687 4.104029128520627
2.193542898169473 4.050580828384977
1.9145843103236608 4.054702953936472
2.181046704471595 3.9472783099104345
2.2016717683522327 4.030105165064496
1.8995881300147452 3.9992699236036464
1.9429006085861522 4.080291226277561
1.938630078389547 3.935064671012113
1.971259095054831 3.9160341677867905
2.000376619609841 4.105188537196452
1.9047911823063055 3.989490265986048
1.9055570379056803 4.0006711775976
1.9553835932316002 4.08203212383798
2.0880882372692207 4.1047476591967005
2.1081032437703024 3.9115818661333672
2.195503017365146 4.014765182129146
2.0222467930879637 4.1046338482685565
2.160388211985128 3.939235694660788
2.1693466079154025 3.9474386425696606
2.1874949832153803 4.038348924218315
2.0761550107871907 3.905817880958165
2.0150642245383428 4.102882672036436
2.1940768989598385 4.009750054335553
2.1165040214416098 4.093646707638559
2.180214117493468 4.045896576221662
2.1156338754835198 3.9179892574143214
2.181732115227924 3.973779728855904
2.163367802703875 4.062080330275215
2.114252540169561 3.9197551611695403
1.940079252921325 4.0594351003005436
2.182734586832995 4.031317059387731
2.0062256397343177 3.915194650098241
2.185050275033281 4.02248253362652
2.1859457253528647 4.008410101177028
2.060252690741664 4.098703015191572
2.134345586366341 3.933045940666062
1.9218609639028816 4.000929271764147
1.935469900123082 4.044684230816101
2.176503121131952 3.984884397821207
2.0414682963421007 4.094558946913773
2.170694943135992 3.973546227993479
2.118706865960781 4.077506169044455
1.9345904290125921 4.024666665587736
2.068195085773812 4.087706153606625
2.1687192650069336 4.011458835337072
1.9680733361400968 3.947567320082625
2.168857973703772 4.001414185217859
2.1053014224253426 4.075386002459865
1.9871769780114863 3.939859287850669
1.9483502140254474 4.03224664732293
1.9442118777061752 4.019071386799706
1.9650080007561557 4.05151876989482
2.0781374519949187 4.079037066921651
1.9495669666682585 4.02737746074839
2.1116333586381013 4.0676078695937665
1.9453452625949719 3.9992144659994744
1.9635967622770796 4.044015893094182
2.156241431905933 3.997232968509038
2.109310039650663 3.943958636086382
2.1522671507065736 3.9882874643554094
2.133570659316331 4.047659051921007
2.1478003436103896 3.984972248515708
2.035479297752832 3.93571951861896
2.079760980966355 3.9378867783434193
2.0647936454648614 3.9364039415589924
2.0501703524524713 4.0723613173226845
2.13832334703506 3.9761949583011424
2.0681855984833692 4.069509066889734
1.9631009323204343 3.985942779012625
2.136364542119476 3.9767284724526237
2.0584017053147745 4.069530834945741
2.1413340518784434 3.9981622751250074
2.0724732082848947 4.065426732006589
2.139292407224092 4.009272948262238
1.990601925723492 3.962162934789517
1.9708065783325337 3.9890252847181906
2.1342928698119397 3.9944923627733333
2.0979632274143043 3.9550063274707674
2.0110815263010173 3.9532790938148543
1.9949592736042052 3.964861949433749
2.09404396903604 3.957105170033176
1.9839458171117474 3.977923872322187
2.128894337538944 4.0015287606144705
2.1212152582372603 4.024993156894255
1.9774023757841506 4.001446172389542
2.1190884578362392 4.026954135951981
2.1048769072688582 3.966817071735396
2.1239175392130085 4.007205525446955
2.113265131449332 3.977199505743141
2.0742845120655713 3.955608319124873
2.0807564862213592 4.0486958079692075
2.110364213525949 3.980449872267865
2.1112440536308954 4.024225706180982
2.072970013925931 3.960170244299515
1.98932653173145 3.9944500679424926
1.9916194348729432 4.018230744338804
1.9975311326723943 4.026992157433657
2.110131552814286 3.9885120457522647
2.060861658580034 4.046774182979427
2.017014258204488 4.039365026643968
2.0304351572917145 3.9637986468663686
2.1100150614660977 4.008887624139179
2.0185379744312506 3.973628820997935
2.047656407019933 3.9669737230348274
2.075091633306761 4.034637345477342
2.0332935573571915 4.035573951618686
2.0774680598020967 4.032684499770733
2.0960552044112783 3.9927346931994943
2.011565406345163 4.002409183797175
2.088995165523573 3.993327762595746
2.053622447659515 3.976207315694753
2.0565140866569953 3.977458082837924
2.0599462866930276 3.978919335725049
2.0744701629485154 4.01729433060304
2.0457090187587497 4.017250282710465
2.051978775518423 4.008394824833121
