m c
0.6221500555448816 -0.25293191744810484
0.6016042972309155 -0.052173640929225495
0.5780619165870674 0.09931807872080745
0.3702916644279285 0.9022169105967124
0.6014302487187972 -0.4376570314091044
0.6064175564022931 -0.3870192518522897
0.5655132171864141 0.11515908541712871
0.5311291501155824 0.3376906290840225
0.38401996438992525 0.6935344206845104
0.5907193980662151 -0.3749024121422684
0.5919179544746594 -0.15756366409231015
0.47743907937005015 0.008643946209858644
0.5796632082187432 -0.03883275770197292
0.5564852172492636 -0.3110210556566928
0.5689071635965459 -0.3351035017181041
0.5875404801783193 -0.16392874933437018
0.3905123001061457 0.7491153741228693
0.5875557396550193 -0.17152053723285854
0.4983179926372163 -0.07956405081812967
0.5146967924863989 -0.15233965333528077
0.4906641255948208 -0.040479003096880906
0.4666818176320977 0.6374812897952413
0.5130365114787512 -0.1411863350610909
0.44053106556228266 0.2537535161712503
0.4415132912241727 0.7247237557732449
0.5091990761935916 -0.11852688599602912
0.5858572862105422 -0.22747969345427177
0.399797961437545 0.7746598034373573
0.4279960845990021 0.34957648835865296
0.5835411019118625 -0.2536138596318791
0.41274130003590875 0.7813116416181369
0.5754472051788118 -0.06312497589085542
0.5776143714094856 -0.2844093178235876
0.4011296067770125 0.6077279656435195
0.46417753160425446 0.6331955254647958
0.5578397412001938 0.09469176858897121
0.4795154604422814 0.033123209000652576
0.44310878078324023 0.24939955237428357
0.4443928165838223 0.2410258391704061
0.40550247896801866 0.7675808445416652
0.485556348744437 0.006961703297348354
0.41794637141021224 0.7593782325291412
0.5203684852197941 -0.149251803475845
0.43747252772034206 0.7173409664802581
0.46376991577975035 0.13262256184465882
0.4443424723296836 0.25451128663816336
0.5615254583742862 0.04531089883484185
0.44567264461657874 0.2473724861794535
0.4045878613244242 0.6182465450511283
0.5779208758987726 -0.1784238901936832
0.40603208962578075 0.7224680182298435
0.5760165924572949 -0.21617701580012416
0.5112972627593926 0.3832200287886862
0.5246451648013215 0.3040389387592026
0.43152743411821837 0.7156237721083496
0.4811662119490101 0.5355943230159284
0.4402837616107816 0.29362146118837007
0.5740317902605105 -0.1204711849671889
0.40580363265849456 0.6881800326492677
0.41718537169042347 0.48455609250492504
0.5725095716135686 -0.10111811122878223
0.4099207229190835 0.7184096314771544
0.44655608790809087 0.6693761003474257
0.5404012084262009 -0.19827097514506486
0.5654670368320708 -0.017597536072595954
0.4619529201079487 0.1593404040491353
0.5006726043197922 0.4329208510314788
0.5485807542252258 -0.21610259137529986
0.41083520128624673 0.7106183469389933
0.42020207014694005 0.46300661531702403
0.5632509566189902 -0.2326459061665047
0.5401736522517193 -0.19437561909533851
0.44481308452307255 0.26992364304101724
0.5668153728277071 -0.22857109710447365
0.5187436582818716 0.32982596868246894
0.42641520793819043 0.7138496324500236
0.5688781227185454 -0.21900646136092816
0.4438022414274968 0.2789238519827206
0.41109032846207094 0.7033169551643002
0.40836795604274234 0.6304890097163809
0.557473417671838 -0.2243272228537796
0.4107360622668568 0.6961597949161566
0.41035796829618526 0.5908266571158469
0.4934278132691472 0.4657494477860551
0.4112273214199524 0.5781695393652186
0.5244457422104996 0.29044352235449944
0.4105512473159196 0.595359405655167
0.48342532033290897 0.045981672957746245
0.5582952083175128 -0.21739103796187154
0.4534595871781788 0.6340726450525405
0.48426959216603394 0.5064261167556734
0.5005146845092195 -0.034827432017627835
0.5111408822065787 -0.08117838405396527
0.5635877904641283 -0.02521320438921615
0.5159894345092 0.33628581010708425
0.42452714811370684 0.699426328663268
0.41364182519376735 0.5669352618278354
0.4227046427571946 0.4627875161415882
0.4457644403211152 0.2781668041553549
0.5569186707232618 -0.20649547737723295
0.5396904622078742 0.17657099604597004
0.5084975442505815 -0.06436626578316096
0.5402395715699078 0.1719573642589256
0.54785678218995 0.11131450949444543
0.47511809824479007 0.5384412480442586
0.5553995816476787 -0.19676821486226848
0.5654174067246164 -0.07537075376454072
0.5618981515371048 -0.027124513620108148
0.41391904544349684 0.6439102063171616
0.41900247749405295 0.5174616325119783
0.545453692923084 -0.181797865525952
0.42153799080702986 0.6819008739360859
0.42996076908997455 0.6778227072884713
0.5665742836740424 -0.12716433825742035
0.4437655762141183 0.6492640338060824
0.4466871089066661 0.28223232739410165
0.4598583793323135 0.19582751767455386
0.43153524515539354 0.6742187801780406
0.558364742653044 -0.18776571328416014
0.41514962745161976 0.6049463984962569
0.5390337372571635 -0.16187432060763873
0.4920502354890372 0.019908284978267243
0.5554789695145192 0.030684842421801584
0.4156845401460957 0.6321884080612885
0.5621836326052162 -0.048670432410558684
0.5574104756361161 0.009378724527404625
0.4707611922754744 0.5499319397576641
0.4883610910132118 0.4695501146002923
0.4582679994938478 0.21100777324591347
0.5424189888473712 0.13923035502329428
0.5623825620978171 -0.15898184577244767
0.49708543714427367 0.42349543324510197
0.5495337759330017 0.07906017546740074
0.4823162826311372 0.07375484448726244
0.5408474768547776 0.14975304110237841
0.5433474514296408 0.1296123201951347
0.5101015364163236 0.3509723441425687
0.5316336655915398 -0.13395337883883385
0.520519950900318 -0.0964607302179421
0.5156812821592047 0.3174180937860078
0.44821836524650277 0.6252591045488582
0.55653322527879 -0.17046286282342615
0.41802143911721157 0.5881826829630437
0.4300542653798268 0.4279094419722247
0.5614119979907908 -0.06414092337252186
0.43301900014773476 0.6567174001758245
0.5629036644702131 -0.11386387690485034
0.42066571118775126 0.6450847344206792
0.5096946009911919 -0.05137184729498245
0.5625358012291357 -0.10913154990684548
0.48963345182327733 0.4563329540807306
0.42428517064644566 0.4905457329138212
0.43261464932405025 0.40805564148141027
0.5548539754283909 -0.16421397505054558
0.4415410590240556 0.6372260043573212
0.5598060286093708 -0.14675936863209826
0.5073522492518434 0.35914475215918484
0.5605662817596049 -0.08212025264334044
0.4841174786079674 0.07384095299681315
0.5596100041148196 -0.061890353515880125
0.559161110423751 -0.13819134536365918
0.5311795339909198 -0.12229848119003428
0.5516943061132085 0.04033075735021274
0.4496042424364447 0.6110173742670306
0.4475872840336518 0.6160152571909574
0.46270889888449607 0.19725831602114186
0.42253190489688597 0.5349042538693669
0.4471482206510383 0.30134916555990277
0.43569516549985426 0.639878693855652
0.5102639274894639 -0.04569814196969513
0.42285186909827466 0.6257800077431139
0.5575289994171302 -0.037025741871229645
0.47449102111652813 0.5182978488083569
0.45494683900195504 0.24911766174732852
0.4408423523069861 0.3517135677194472
0.4516543372115867 0.27215372084939915
0.42187582406819324 0.564626508483101
0.46151861318652565 0.20755132897580575
0.46696414981927287 0.5476821515377681
0.4387233371322402 0.3695954818204541
0.48995020277600826 0.44505139876548583
0.4430420032758414 0.3363187503144074
0.5130987689836788 0.3184452944045826
0.4303988274692869 0.6363652626509104
0.5332785446978238 0.18593078670421193
0.5551126568534741 -0.013338553368194006
0.4696921222218186 0.5346417661924363
0.426096347572423 0.628156857916955
0.422323530252175 0.5865095580166879
0.4896722972049704 0.44483485159634073
0.5416792397512559 -0.1381653545968009
0.5574433523374627 -0.12024554187672476
0.5417112407805484 0.11937605078911506
0.42294619536255273 0.5998542077983418
0.47426521578952696 0.13476264791367898
0.5519675293803866 -0.1422130482077959
0.453471160223497 0.5915875957117098
0.4320509294204711 0.6315541215768556
0.5112012315674125 -0.04332511520313531
0.5505861205184389 0.03471781035740573
0.5575710360421569 -0.07053624192053909
0.5076361650579215 0.34733807362057423
0.49545939087787394 0.0260353017154058
0.46962766371708037 0.16331966522650276
0.5299502166261966 0.20564515422661467
0.4280938464211262 0.6249804361578324
0.44610395143390447 0.3193007298993922
0.5292061981649363 -0.10437239810187893
0.4245741059216582 0.5395538877342068
0.5274617737736275 0.2213388005175294
0.4656959589466198 0.5454297449195411
0.429429420432127 0.47013014805956876
0.4359422736026785 0.40518111938867696
0.4599225815740654 0.22592189141147134
0.4261360954599669 0.5184199956833018
0.5428301936096562 0.10104080984747776
0.537610888163575 -0.12222699341020071
0.52315760696129 0.24786031204203285
0.5241294487592806 0.24124786533421716
0.5562300377637326 -0.09161572716248823
0.5525340386990606 -0.1262813099961928
0.424726091333352 0.5742047140879234
0.4475153131195063 0.6007775270331095
0.44961746125181357 0.29865201683519116
0.5025896732658046 -0.0014162991529729219
0.4921629998488824 0.047182589990989676
0.555843807672361 -0.07129419217482713
0.4312626419220772 0.45741349642050944
0.4404684743125322 0.6124850508482909
0.4343015926307038 0.6170306317817849
0.45894301838034857 0.23682262665515674
0.4262611317676735 0.5341858060931077
0.539784379305986 0.12110861983753685
0.5346919985123353 0.16160256051409938
0.5501413416597818 -0.1227016775530525
0.4273818821397769 0.5980629465956122
0.467688821542869 0.18340291701106715
0.5084872006571264 -0.023131632300079197
0.5514949704043287 -0.11586331225529678
0.47482461818301874 0.14221526779847693
0.5431468292228202 0.08946331598075075
0.5095553758772255 -0.026545958264704295
0.5494862233232977 0.023690974339716675
0.538605371863934 0.12777384375851586
0.4875866778347996 0.44289476889113555
0.426610927754951 0.5591768070101746
0.4491563394309928 0.5894742421635031
0.5242202567091061 0.23343797549943668
0.5070818115158219 -0.01502023154454668
0.44665553096711275 0.5946407807174299
0.5404734221640424 -0.11463719193053734
0.549369829154822 0.017401763437737028
0.4660325268202149 0.5332059366413926
0.5403149992686483 -0.11264855966109244
0.49772117200104227 0.028609399057094365
0.4298453141759305 0.5915604038891811
0.5415896221150082 -0.11258252809833857
0.43017109457556046 0.4952763440744534
0.5456190007360447 0.055405235179363466
0.47365653373700417 0.1544898736587137
0.45728418774754165 0.2566356167702968
0.5279209116253738 0.20250347965229265
0.4346036301075739 0.44221460161917037
0.49754753381729033 0.03160686342723684
0.5071044255248368 -0.01014587453409943
0.4451727986859617 0.3474979914364673
0.43715569332752646 0.4183637274441816
0.43663292224154354 0.42405910673408087
0.5497261905400048 -0.09601501807515378
0.46149530063047983 0.23179500285891086
0.4952600475617246 0.39671641018465875
0.4374064999097397 0.4194068972283058
0.5501423961417752 -0.014468957476932776
0.47175378916972077 0.5048005267765556
0.4359851952955221 0.5937273317478113
0.550222502067041 -0.08641086169022572
0.4348111208462791 0.4484654390768368
0.5435799703183657 -0.10431007170153062
0.4494610733438592 0.31790799068040787
0.5298933927042949 -0.08413866024140226
0.530021929993957 0.18120789238869595
0.5125262838191331 0.2978082427439648
0.5460622230237747 0.03736929550607604
0.5012508673571427 0.01988737085334291
0.4350691592869444 0.4500641722815999
0.4968476672076553 0.3857549940324567
0.526486597183662 -0.07312998832815354
0.5343436408533091 -0.09151607649212923
0.43368883302929867 0.5826251165494787
0.531127121758161 0.17034032834550494
0.5498863741306808 -0.0730298726857248
0.437863623363475 0.5880325823676205
0.4686056984123529 0.5136617167751814
0.5041651189803108 0.008725405753519766
0.5492024168511043 -0.07865210308645865
0.44291249467993277 0.3752979354586192
0.5442849177706326 -0.09674383192956038
0.535479788658894 0.13316675576569637
0.5496035775864149 -0.034746724991407296
0.54956338366209 -0.05427836351688953
0.547204727954768 0.010929732269784775
0.45965807720932034 0.25191618183671105
0.548697085993725 -0.06992054828230021
0.548256407712973 -0.07415312623468528
0.5436468559779296 -0.09096395901430188
0.43212186637516997 0.5149624743780574
0.5116643599061126 -0.01788812641234383
0.4383777478602846 0.4255431466372519
0.43235671494583594 0.5132816938366962
0.4894770757050728 0.4179567798820347
0.5369910842947286 -0.08740058483597801
0.4559565720643977 0.5512079698412569
0.4659562989121666 0.21338687305651627
0.5043084108763672 0.012732990209355588
0.5185775030546268 -0.041771076016824615
0.4589597563040343 0.2593736628561496
0.5473663618313729 -0.0031772091988728768
0.5246672189329328 -0.06029696726444178
0.45387033440173863 0.29594418496220554
0.4710724096333072 0.1833696318066993
0.5093559653724633 -0.006664661011036355
0.4781708043814508 0.46799236906046193
0.5471801061280462 -0.006484159388842503
0.43553558166814327 0.5671985975829767
0.5129494350181544 -0.01982994999243015
0.43404851846518633 0.4901474352426187
0.5478088896117076 -0.05375744416740691
0.5455976954503123 0.01809630280224539
0.4495096118721959 0.33107439911018055
0.47910323037630986 0.46321143670667553
0.5477647867118732 -0.02935850693377806
0.4907984397412835 0.07736279698655713
0.4460670873444144 0.5691986005097163
0.48160622123132113 0.12510869485984077
0.4364108190419103 0.45722964895367957
0.531010761441346 0.16026459746908195
0.5343400502347485 0.13298175645207788
0.5473958600654889 -0.04964001421698927
0.5420506484361278 -0.08140871999861288
0.45990763678112995 0.25698950483441285
0.4755314098506516 0.15980269292141847
0.43369428465107024 0.5407924780481363
0.44756361739549855 0.3488643870706718
0.4417404306882877 0.5702902107624994
0.43608097086967335 0.46621136488301707
0.5449055454992062 -0.07116001292273677
0.5039249019414035 0.01903174286207765
0.4992032163405521 0.03984419218061985
0.43861630496126547 0.5658542308146579
0.4340327326598259 0.5298044499983008
0.48275945992855457 0.4437349157309205
0.5254127159706583 -0.05573902424831689
0.5376524753373078 0.09895121659938289
0.5322868071671847 -0.07067129586594056
0.5092661099867455 -0.0009532877271281048
0.47854987935597393 0.4615776843738719
0.5247048174942878 0.20283328154100344
0.4781149089387357 0.46336994164657863
0.5393968809633058 0.08075215841049177
0.5356831548790942 -0.07468054754707376
0.44509526899968754 0.37439232699716074
0.5270496078049711 0.18505658043462025
0.4838596627973053 0.11749346865216914
0.5395133095722281 0.07764896320133374
0.5446464252808743 -0.060107487038827845
0.45391169217330374 0.3046110940827007
0.5328631625325917 -0.06891849664526228
0.4647694710693947 0.5138493249711229
0.5378048726353453 -0.07354177972904719
0.48076564347304596 0.13489494439601035
0.5456638605695934 -0.04448015927703741
0.5330171143097946 0.1361283702561944
0.5402807344093806 0.06730654780365741
0.43740296501475895 0.4619790216149289
0.44771193709079715 0.5575815392168728
0.5244829219408706 0.2016261779584494
0.5239552531658525 0.20531092199841083
0.4370915895040853 0.5500004074473961
0.43909679796740786 0.44040480283856365
0.4883131921939544 0.09617325852628156
0.541374008549294 -0.06856995365920815
0.5127702988752344 -0.011155871973250076
0.5415192633905617 -0.0674755673971259
0.4946017522438429 0.06583551436585466
0.5425161620207594 -0.06422424531208426
0.43633236900429717 0.5409706982299829
0.540627316846528 0.0606967646543235
0.5442562882715503 0.00921242698532554
0.5410014938892659 0.05520109562715625
0.4364803719906467 0.5386806623990652
0.45165526024200475 0.3257619832138481
0.508350830731417 0.007231565607953794
0.5413849282046226 -0.06379936989683066
0.5447594867117546 -0.011307809475208153
0.5320782921295869 0.13964470334842982
0.4474474198090295 0.553984608712704
0.5439018142882702 -0.04935126769923737
0.44501883759274213 0.38366557984037986
0.5407357699174493 0.053231226529050435
0.543319872781025 0.015253617591537427
0.48646522154174143 0.10907777073782077
0.5396430628927494 0.06450981802797973
0.45004565121288764 0.5471611043662223
0.4914939536426269 0.39445113328796655
0.5420974107649448 0.02997207028206672
0.5428943070202257 0.016456291502347398
0.5231827838009143 -0.039640282808595106
0.5271607522863487 -0.04944597527645689
0.48658096089179526 0.41746370036613056
0.5436985277780043 -0.007660716454969574
0.4835949225787358 0.12578012908451752
0.5171666126242607 -0.020926412422555885
0.5424919075126775 0.017398446306009507
0.4944612434914378 0.07218193199601242
0.5335245995568106 0.12042276276718145
0.48184032994584847 0.13649139856255044
0.4419096962377081 0.5461539298288822
0.47123264681578314 0.48199172615728747
0.43809840967055946 0.5257657053686429
0.44956639551117705 0.5435712102670509
0.4572133756742355 0.29111804194987156
0.448966736361479 0.5438092737474745
0.5233175760183624 0.20034526255290164
0.5429732710348475 -0.023396598850985884
0.5149823065838995 -0.011064056312985793
0.5428500062582255 -0.027354168651536837
0.54014826256905 -0.05080666200723649
0.5414350425400448 0.028192213946144573
0.5075745898031878 0.3028828678115212
0.4652208512032832 0.5023459048694621
0.5422366330799068 0.012083318196608683
0.47111491820373064 0.19977729557574886
0.5287601501773391 -0.04832433876221387
0.45707475566690386 0.2933312916823012
0.5427858101411743 -0.021505981291403797
0.4412369335637848 0.5404061956787003
0.5231618061189135 0.20035943205714846
0.45735724826928426 0.291858409516645
0.5374740769375668 -0.05362867727111853
0.49969066510771765 0.34690634196502224
0.5424991344488392 -0.016511631190559095
0.5243748446029785 -0.03697379938846779
0.4774013380921202 0.45408444021647476
0.45506558857823454 0.5285812105669381
0.5344906695605306 0.10424588987404038
0.44642892434860604 0.38505682339955216
0.45469909066455805 0.31477764926503626
0.48399790933241765 0.4238049642479784
0.44686880837020854 0.3815290757421961
0.46582474855259726 0.23638183980897187
0.5351283275083574 -0.04973221261604155
0.4479753283538489 0.5381067781212492
0.4972081084741115 0.3578067515474932
0.46401077263964385 0.5023829374661393
0.49393346536851546 0.0799068503264917
0.47263784209287374 0.4712466583732713
0.521829963749231 0.20552466318661722
0.5069635181123415 0.02338752855472226
0.5049888204712062 0.31379981469319906
0.5259089090905223 -0.03696141051763502
0.4976815768214013 0.3544151595002365
0.5312759542077936 0.13023773506679603
0.5413460929856547 -0.00305230477168994
0.510182696809257 0.011456050537758777
0.48532323539876365 0.41604618051948794
0.541085242749857 0.0022763911175736062
0.44243225592986823 0.5289435679723384
0.4445778544503101 0.5336807905093197
0.5158576270608652 0.24483631103225623
0.519325186463844 0.2211736643489357
0.45563077614382363 0.31149888354078215
0.5338509658249974 0.10337529309595972
0.5387145595057266 -0.034425266278128586
0.5260741310128226 0.17016463773021417
0.4572343049041932 0.5177529353683612
0.5342515300512952 0.09826282584460788
0.45502985369201826 0.31801947814037446
0.5208546538009808 -0.02043160145386458
0.5089045536509217 0.28703687347523577
0.47346250632886666 0.19326945726876765
0.5121542875686834 0.007439222432100934
0.5394336227307039 -0.02512180758936844
0.44073903304372836 0.4788361530105827
0.5398161914395779 -0.019415964915684647
0.5253458088383043 -0.03061788410558064
0.4452112332685382 0.4087061902090805
0.44092425188231205 0.4752952974020266
0.5389340440486241 -0.02763387819667562
0.4411114576041675 0.47042434775404374
0.506197334863579 0.030605510189013252
0.45844732554175327 0.5128477036613432
0.45115751650317387 0.5268395229361227
0.5314780113613626 0.12171579649390551
0.5259713474204306 0.16829956928313505
0.4543015621530552 0.5212183677621862
0.5206428739886434 -0.017176929370730232
0.44469231911865736 0.41999352014000735
0.5176624618368181 0.22717689797667973
0.46620166921595957 0.48721238152863533
0.5385768757144818 -0.01770169323301074
0.5392589525150467 0.002478260117867226
0.539086374333793 -0.00813102626477713
0.502807226444712 0.3195963210921686
0.4806492666637523 0.1553728154921874
0.4488419857865472 0.3773421508705703
0.5383570133538804 0.03251639607734669
0.44712060489280636 0.39494436255583576
0.515215417840907 0.24177585645670163
0.44329006628011286 0.44716076749174904
0.4844401849705301 0.13609638146290282
0.47270024301297964 0.4619800940747827
0.5099385089843466 0.2753163471250817
0.5120912105186445 0.013183964095179412
0.5271840704876567 -0.026497872109529252
0.5373451674718748 -0.017066704237101993
0.5383618161352026 0.004678319547632981
0.47687602810331964 0.44441079741822564
0.5381078135379294 -0.0030544000358201373
0.49718520632033847 0.07476724534025125
0.515650202847713 0.002698934115478835
0.4528471410106625 0.5158598564157373
0.4961203511141222 0.35317271585982013
0.5143821888728837 0.2449420987433335
0.47439144201243755 0.4535868224870989
0.5163415644832082 0.23173379289946938
0.5051646412685953 0.302357448648082
0.5360232094872156 0.0586163079758486
0.4514299756408824 0.5165672280871627
0.4435035768643633 0.4572020413660103
0.447928666867509 0.3947441475122857
0.4728435023548476 0.45853007976041527
0.45921797692014954 0.2967175066178309
0.44617065215615714 0.41609087241670695
0.5376412834537992 0.015191545027150699
0.5366678409579074 0.04339071406382011
0.44502598314503305 0.5067662825730181
0.5294022620362198 0.1278872180635049
0.45631528448632197 0.3201234657982832
0.512147606218969 0.2571382649463616
0.4444533200410927 0.4993245399670099
0.4685529494844989 0.23345472334855044
0.4459111522823766 0.4230398503339603
0.5180222129513318 0.21726030458729806
0.5366064918143374 -0.006886193870153656
0.46261662051431374 0.27388122993533814
0.4524555127907902 0.3539807430227522
0.4866997552860526 0.39760841165258665
0.4441589539965462 0.45751424250386963
0.4477544442365068 0.40229180485225857
0.44562778726575825 0.42994552862635826
0.5317261632571423 0.10220002035408227
0.44459170574662726 0.4485094403187415
0.48486392373059317 0.40552103193748845
0.5189238907603944 0.2093942741549566
0.5018586298937548 0.0582836788679848
0.5149568754744747 0.2367393184088078
0.5317293530289664 0.10095587884286816
0.4456352691551119 0.5006093488835961
0.452958294983957 0.3517432450933691
0.463762317181201 0.48596663683648345
0.4487471259318004 0.39298990758192165
0.44809512211578695 0.5063783340904982
0.4547069556560416 0.3383970762369253
0.5362437081560181 0.009544683470025017
0.4633408123921518 0.48529580070771594
0.5354827780069094 -0.0017181064139244473
0.5336315644888078 -0.01284024540635631
0.4840624410177357 0.40672938935236047
0.5126948320156749 0.019750048129524078
0.5342180451803134 -0.007774176711398351
0.5293671488120885 -0.015741976825309756
0.45506581621509 0.5012305436804092
0.5325551662727899 -0.010968064238665809
0.44876004595649444 0.5011509071120352
0.5354668091438228 0.030312580174488346
0.5258299883062602 -0.011331262429271627
0.4771565780934284 0.43447126800417246
0.5334674661381347 -0.0058781588339889
0.4542037771923275 0.500512126961465
0.4721991646159175 0.21677582032247722
0.514828922790241 0.015428282548074268
0.45333614614138656 0.5006469202356381
0.534528262051855 0.00416643884364154
0.5267927181098412 -0.010549185365900993
0.5014114230449752 0.31530803459518353
0.4978805163893086 0.08064454990998193
0.510782938840158 0.25857490768244684
0.47407927927827803 0.20595406858656995
0.4696803550388764 0.46131228579518346
0.4831834423129566 0.1536772694184787
0.5262222501488629 -0.00903525419672535
0.5100874374609772 0.2625174191412136
0.47226770929377626 0.21745884920324654
0.5189036178036781 0.005221261123644627
0.44673895269705954 0.4398178462587774
0.5314729044941604 0.08946301066753559
0.46197204015969795 0.2877859487453538
0.5274953299948746 -0.008760639199236753
0.4646496160279292 0.26893630633212595
0.4502795077266805 0.49614699616449576
0.5297605557612607 -0.007342608781814697
0.5300977581969447 0.10335786636214683
0.44836935791771637 0.41582749909033057
0.44760332920381285 0.48553111939292926
0.4465260059873114 0.45593957293841525
0.4513584108504377 0.4962298879919018
0.46193056602909877 0.48190289675167497
0.5342112304332041 0.02391932033059252
0.47760977824251205 0.1874524999282854
0.4824931003332566 0.4080854543926433
0.46907043018815203 0.460477021742733
0.533722639164437 0.014575321642862793
0.5165992586288243 0.014384298447419397
0.5299536875094836 0.10208259954441701
0.5337723225063586 0.04310340902678833
0.5110940572914686 0.031726054044886265
0.4485926240441507 0.4863801592231347
0.4699144814726888 0.2356962413901158
0.44699144981157063 0.4633054235412839
0.5180385067964777 0.20471204988685976
0.4817705466584746 0.16483893092376745
0.4850361139776909 0.1471977815171548
0.48679274381307563 0.3872315630462766
0.49855586256534495 0.08180265224458472
0.47641944888009957 0.432217150876244
0.5259490330616262 0.1401482227739863
0.44723746550182997 0.46249485601648743
0.44794865105964726 0.47354474521413437
0.5226219598942978 0.003203250552526349
0.45228647395210353 0.377362944326312
0.5317409907758657 0.07279522215539469
0.5285713284058915 0.11156244481588296
0.45691829313356386 0.3341733694183109
0.5323469637985799 0.01318309350017266
0.5296873251003071 0.0017160255132719904
0.5148596605317757 0.022687723982923735
0.4939019371195146 0.10483764649843819
0.4973695986517771 0.33139936807437076
0.45046136990696994 0.48401241897045466
0.46318053126157543 0.28590110160450566
0.5025668701422037 0.06736392120442547
0.47441244630876594 0.4370941206789194
0.4501885365998564 0.48170513814411775
0.5093566541039793 0.04199605409431628
0.5158337304123307 0.21611195835035657
0.4612519671033941 0.47700706822360495
0.4992189571930431 0.3200466811424447
0.4558724717933607 0.34662227234376974
0.4522448473257782 0.38364750292973726
0.458058666685384 0.3283087045505475
0.457522905506283 0.33361074531034607
0.5160917040990627 0.21251845051864882
0.47736775893274275 0.4236789898701887
0.46879108279272247 0.24923700721679776
0.45901146530800774 0.479087384478297
0.45696879056562334 0.33905731624927027
0.4685523101728401 0.2514263284466072
0.5015335133484232 0.0745268477041563
0.49149265380357327 0.35884138544828037
0.45162427248401754 0.39526146572530196
0.5208193294997239 0.1750546963509878
0.5271269952956624 0.11772092027349945
0.469656808563494 0.24468295599963463
0.5091585574894222 0.04604906151667443
0.4752908160763098 0.20920743026755684
0.5313285832245909 0.02824168335440902
0.4630209104775121 0.29191455634822594
0.5255355978218693 0.1325600583719293
0.47265298908242814 0.2259846324677861
0.4905406125337 0.3625212650759715
0.5291556908745871 0.09193115939939744
0.5200469184606289 0.01617361034054854
0.4958740463543915 0.10052829106603367
0.531210143417545 0.031757385891864054
0.5276886404748007 0.10908248861616032
0.5245108228085449 0.14068077700431525
0.4641817105677547 0.46473866784613627
0.5292083267715496 0.08889152569967562
0.4797365845238767 0.4109728095897829
0.4610460656768015 0.3091574193104174
0.5310576881883464 0.04835284831442932
0.5295902407565672 0.020076337641175
0.4661196514461018 0.45868324112979053
0.5223227544055901 0.014643531167905177
0.45367424058671924 0.47535075478771516
0.4937568109183814 0.11206092358967013
0.5256408026344135 0.013514400994357523
0.5086492187992623 0.25780320327613016
0.4829143017297358 0.1681776432867994
0.524608377124023 0.13601480584424808
0.48818323972848043 0.1402948004167608
0.470652007066673 0.2421165755501744
0.49132212621142307 0.12471447923435441
0.4507992414033585 0.4575332621819923
0.5092814607165468 0.04968008513983335
0.46156102577167024 0.4672813436911385
0.4899942712507509 0.13179071110856944
0.49095035855948077 0.3571504501297702
0.45368194555460317 0.38248908780676594
0.4508326955688288 0.4522805547311619
0.5091539030769108 0.25321096088439266
0.47249328137397906 0.43566793147660876
0.520855482250958 0.16739039718640747
0.4966399030715851 0.10105480683189239
0.4648622978934794 0.2840327660208066
0.5100915971605603 0.04830655003055906
0.5167798872814502 0.029126438739730087
0.488298748141015 0.36908331959949114
0.5277899359041969 0.02264239692728154
0.45104652559654645 0.4408316372447141
0.48644479538302887 0.15152572018235233
0.4659935100664153 0.45444159437914333
0.45120829081696795 0.43438171707413575
0.4561072806773034 0.3603878701290135
0.4552973031198559 0.369183527736471
0.5101472481718271 0.24440673974456528
0.5287897313679091 0.07601351619361907
0.5253802855421562 0.12180514424430511
0.4526992936532688 0.46007812829121475
0.47144850392254367 0.24049934557285768
0.48549134528117016 0.3804123138790585
0.45474744687699353 0.4657565728821478
0.4710099454953933 0.437735537598555
0.518401888128997 0.02891262792988636
0.5275741104730918 0.030163553973248547
0.4825303953919656 0.17478960141601796
0.5080204578060409 0.05870091439673297
0.5114751189223818 0.2331102112264576
0.45816500150133693 0.34446189551773987
0.5015953602445766 0.29525323941358916
0.527087223275445 0.0313478216580112
0.5190429140791688 0.029724365434074862
0.5254973868820686 0.11509545566945922
0.452302357451438 0.42579361368768875
0.5090019168185383 0.24905767698081327
0.5000751556820116 0.09030003845686263
0.4686557764395065 0.4426013211609501
0.4550077319599858 0.38005856436049745
0.47728706321862013 0.20681367087353042
0.45388243268710493 0.3954451587165302
0.4532567952545137 0.4517670384415369
0.48125098687726414 0.3964530285383181
0.5214929089461865 0.15354381077373436
0.4699343960028323 0.25441353582397763
0.45538890698117973 0.3769970301941159
0.47324153763310883 0.42708146310862194
0.46071599789841566 0.32453370898907696
0.46834609367178565 0.26569076613106457
0.5053266122620058 0.2710084210187622
0.5082798209516064 0.25223835425302177
0.45272636752184203 0.4357131769399132
0.45317031473000696 0.44615359938466437
0.49097286357629555 0.35065911310485465
0.523206038740615 0.1358888099762776
0.4743499730516401 0.2262448410657294
0.467202583741294 0.27453474722265714
0.4655122791586653 0.28703934072914006
0.527664142322753 0.07472423210547907
0.5279826217526087 0.057855174043488056
0.5275119082375879 0.07494947619558401
0.4664107107702652 0.28116875650424245
0.4652622748536387 0.4488936472705358
0.5252467113034609 0.03344630217768385
0.4952679671247274 0.32743687671093946
0.4796353998207003 0.40092800961447495
0.45572408780635687 0.455062210753284
0.4698625893650824 0.43583208924338024
0.45386225147033954 0.40704718263596495
0.45788020424840603 0.4569158130111437
0.4936141141175187 0.12256933474576259
0.468345634420002 0.43955686902663293
0.5001374882810612 0.0940487910587473
0.4738376374073543 0.23197039741828718
0.45630904043355214 0.3736183396048247
0.46800795733867356 0.27149893589566876
0.4635244331890266 0.45023485436276056
0.5005174003628353 0.2964823096791691
0.45425234947827375 0.4407372236549332
0.4542321160871537 0.4082569744984097
0.48056711820366116 0.19191486241347233
0.45685102800462846 0.45236486054009717
0.5256164847833344 0.04242194781504782
0.4554460226571283 0.44788806677750737
0.4574625914382354 0.36305641205839523
0.4715347520438381 0.42808345644160006
0.4800648428703933 0.39625701528872614
0.4732083084168389 0.23799955376639348
0.5209441959765512 0.15000480550801498
0.5116683261664711 0.05530335151920118
0.49963814962450975 0.29966418716166343
0.4758774405807284 0.41187890366206004
0.4587570059449045 0.45114860463723616
0.5258126622127793 0.08923342677244195
0.5262099579159811 0.05558702973472407
0.4916108583863182 0.1352775870815166
0.511913592825345 0.05532902941420659
0.5144137971477631 0.04887089163676084
0.4726900477015383 0.4224978527721168
0.5259706021030042 0.08280844712106594
0.48061303159516167 0.392593611855391
0.47906009347308626 0.3988710524896608
0.45823348384637796 0.4491929735225919
0.5119216630956978 0.05583368188984972
0.48802220892429693 0.3593401451206808
0.49532703357273256 0.11848506669603376
0.4555642066904767 0.43804540215120014
0.4946224859383585 0.12203427507693565
0.48015903260751425 0.1973390757039839
0.48143348513789125 0.38848514065757644
0.486131425978989 0.3677941120433337
0.4899786162926283 0.14444162007789796
0.47075077816600996 0.25751913325447084
0.4551720601612378 0.4128193674756191
0.45524341248774336 0.4104378375850022
0.5207635947159438 0.0424769424456688
0.4677884580201216 0.27901003778036904
0.4553945229274551 0.4078848173260652
0.462062332671501 0.325031398289636
0.4911946990590712 0.13974755622935087
0.4887056132016514 0.3542858698059823
0.5233364032952926 0.04668842806005369
0.4830332590859876 0.18249378290468687
0.49623755912155343 0.3156298684190535
0.5194431367207617 0.15763193420223454
0.5234166406507402 0.047337420914105977
0.4806982191958564 0.38990426031049985
0.4633520622413006 0.4427198016986571
0.5102250259012577 0.22968353981049905
0.4601091371472712 0.34506853980490293
0.4594560846915827 0.3518655030621778
0.456611514815953 0.43558518203102015
0.4561965808630557 0.431642381131323
0.4597793780723465 0.443721623893222
0.47597217750213444 0.2251704934072527
0.5164434875746586 0.04938056817666148
0.47563427915795814 0.4084812974099923
0.456629116820238 0.38973093266754244
0.524092840617195 0.054304622327451035
0.49414652825487354 0.3254763723728078
0.4717534871611873 0.42112088909055423
0.5047035017411765 0.08336131587305973
0.4567916514850435 0.38918318001817376
0.49342177490787165 0.1307776301535859
0.5057873192532639 0.25744738383799737
0.46290991379659285 0.4405578056728414
0.46098222528319655 0.3393560484670557
0.5137577876200643 0.20200979101250915
0.49126660912216824 0.14145378367015304
0.5148980427967176 0.05403414169818177
0.461624591970308 0.44110610490956415
0.523423933743249 0.10825805666281596
0.5240472119896705 0.05877447133055602
0.4879155185869093 0.3556584999237371
0.5095864509858273 0.23127459879864265
0.49127686380109725 0.33889109053562816
0.5013767667592421 0.283593047142471
0.45661251294821126 0.42077518590388063
0.5019217256495622 0.09581394815463895
0.5172581627498417 0.17120735553754463
0.5137542715693909 0.05863393532854433
0.5198925787674903 0.05193430000247723
0.5065382158712907 0.24992510229645948
0.464890314322654 0.3084718239799322
0.4784298659192522 0.21390750685883209
0.45863219192542215 0.43123204667872983
0.47430658283162946 0.24044670573880111
0.49358539724817474 0.13341443222549776
0.5159991072318343 0.05657407875251241
0.5095150744024102 0.22878358121436948
0.4595457566435645 0.43308644241226046
0.47517199034525226 0.4053724515656745
0.481940437036451 0.3793313164952128
0.5236051097694027 0.07868096555628634
0.4739088196055199 0.24391020882442138
0.4765524076499275 0.3999475019664951
0.5229553012405558 0.09942540075500972
0.5161385976383569 0.05893902494131531
0.5221595713252878 0.0646781311085145
0.5032691614506661 0.09436532188114999
0.523055228240752 0.07739817382991498
0.5219121675012816 0.11355363480706471
0.5075032238598514 0.08023639253265413
0.5226711459842353 0.09716314049550823
0.49381072987068425 0.13469889562852488
0.4732538036241387 0.2503082398602112
0.4681940587705871 0.4229760813747818
0.5197695476540237 0.059566505689587324
0.4600871537862853 0.3624406299312364
0.5033777475623551 0.26588756938655855
0.5035566828758191 0.09458102034476568
0.5102570162813118 0.2197400420078326
0.47195592824522764 0.4122662517701432
0.48285488843195057 0.1920214353063341
0.5106946916064016 0.07233065716466136
0.515922706713053 0.061933652743281886
0.48903100232467656 0.15904507388310307
0.5012393266152603 0.10406106572921914
0.5052607274273301 0.2525730641673416
0.5017173103699777 0.10309704873119951
0.4832741661249352 0.19096164511854807
0.52104047310392 0.06894171139260319
0.466907302353742 0.42260247252209204
0.4898219162296028 0.15628425578705762
0.4765248882364207 0.23141631871702284
0.5220521509141939 0.0925050575413584
0.5086334685229905 0.07988239578267908
0.49507018108603945 0.3119410259115285
0.5198800004039787 0.0655385459781348
0.45941704849747866 0.3810394157273329
0.48778172296511324 0.1670329992332924
0.4661635820029346 0.30669522097024693
0.49578582066534843 0.12850935292782628
0.49243910837623384 0.1439632071656356
0.48372440917342047 0.3666026406947225
0.5216397129818192 0.09909906391720913
0.5215300085436534 0.10205810753993116
0.4642916194050477 0.3246989497692523
0.4689681290216929 0.28551071409609685
0.45932803777575615 0.39073760937936
0.520507091978163 0.11936485344560621
0.5129013906672696 0.19565075047394842
0.46880514300262144 0.4164887950264706
0.5192094465903533 0.13639628551277339
0.492912498799858 0.3217920763037663
0.5098570764472392 0.07870298897075889
0.5177663644581219 0.06730604855075883
0.47257890478481196 0.405820532185333
0.4596085882714067 0.3958444471293059
0.48754641810251625 0.17046491004185782
0.46372843088972543 0.33290505970081075
0.4919341501313718 0.32584549368520666
0.5123376875180679 0.07392550227484795
0.4659018244574359 0.3128984891144473
0.5204018467709062 0.07728911840679187
0.4611199074676702 0.36490052290959696
0.5208641572449098 0.10191204727661818
0.46085897484432636 0.41320240998573343
0.5120632541306398 0.07548058155624604
0.5157335319357949 0.16853125024130433
0.49150819521143285 0.3272674810523868
0.47176726502348965 0.26757701221288643
0.4693100974216843 0.4127307730121266
0.49282380250038066 0.14516495225935255
0.5080784332922381 0.08563545849546994
0.5077085520183988 0.08732108029568009
0.5206849312203111 0.0916455076790248
0.4612408826792403 0.3661760536218184
0.5197390756616074 0.11945303928194972
0.5158826808610171 0.07224622795048097
0.4749057538907149 0.2473611012793575
0.5060052458174541 0.24163444416032043
0.5194220512967075 0.12340324331171049
0.5172289957538463 0.15077999198302194
0.4878922587779926 0.17118183299201695
0.47566344353440604 0.39290202082184633
0.5144826586989067 0.17681127291469778
0.46505895637576394 0.4158113912232535
0.5192430807391534 0.07936908292236833
0.5172131740526306 0.07399230508931653
0.5028313895512522 0.10500632749168881
0.47839400072108273 0.2256082086813218
0.4670101753980327 0.41390553837889366
0.4620055726288226 0.41142257731221044
0.4606948729196395 0.3878401596611023
0.4612448166477231 0.3726354156240488
0.4648242394332235 0.3279289588451375
0.5095382563932225 0.21573254394589236
0.4784899168329666 0.3821391805769161
0.5092233989450392 0.08570712018854199
0.48923857195801745 0.16543874165121153
0.491573044354685 0.1539767594585819
0.5187531655321544 0.08049150581936049
0.5020362418722908 0.10909450581807967
0.4775740444375435 0.38481474995735
0.4824245573364704 0.20266043929837263
0.4984508000794833 0.12330276628723436
0.4937045713065127 0.3128178936599917
0.49524705504224725 0.1372707077292712
0.4696643241636966 0.40732397528947306
0.5196788482947456 0.10635755401300129
0.4613463580915061 0.37825907832268646
0.5169954500730878 0.0781959833774506
0.49310068027977305 0.14763994464076413
0.5184457300729807 0.08262527201861625
0.47895008806594247 0.3788089762046978
0.49092481741834954 0.15841547962322666
0.48369159941794027 0.1971335392682323
0.48809861651239217 0.3391859353302942
0.5181291012499929 0.08429124760385376
0.47617815198659286 0.38703975667030566
0.5177907269322781 0.08457271990836812
0.5146249161796984 0.16873468964134242
0.5165592453745657 0.14848748588898086
0.4620708704759197 0.39403504156408165
0.4776175325273845 0.23466919241323536
0.5187484761301845 0.11324175634239797
0.4809517414936771 0.21444968546645127
0.5084968620566531 0.21832675086739428
0.5187899345793292 0.1041597732560442
0.47548060606397013 0.24941690130228178
0.5168549410546356 0.08507490142351504
0.4687960027480093 0.40401875972136203
0.46309627340932885 0.39751903440400316
0.5181722326186687 0.11721064084893085
0.4631676433208485 0.3970208792365715
0.5083197489237472 0.09434663204238136
0.5128243159592312 0.18166652699115637
0.49448794393933027 0.3040414447785924
0.5161519114551074 0.1476480711150283
0.4902538597084253 0.16553253407619595
0.4643334390221362 0.34717596435812137
0.4649337474807054 0.4021934783117951
0.4875239554469828 0.3384679498963079
0.5151557661392235 0.08652743283277253
0.5129145775398439 0.17962134422456044
0.5166588831082348 0.08995051657057562
0.48041640900349813 0.2203835437847359
0.49102486851029187 0.16241975013175702
0.4630460194928073 0.38767032945053437
0.5017945454585789 0.11623044131123761
0.4775231122824066 0.2387403135843078
0.5161284891009841 0.14484137676597575
0.4958836343520421 0.14053225900550048
0.463206101676 0.3750366620266674
0.5137390298991918 0.08848618498765948
0.46770425305184576 0.4005615843123014
0.48551146798715034 0.19180616596689593
0.5165359807586043 0.1374769693300717
0.4635536243862906 0.3883369583150831
0.463576108641515 0.3878086258522826
0.4857983339147593 0.34450894585329683
0.47872827079195046 0.3727687517530218
0.5146920224881942 0.09051509323107787
0.48126962740289003 0.2169501136928096
0.5172723946201652 0.10928644390621489
0.5023777748773205 0.25481773756302495
0.48796832249082883 0.18001692254905644
0.49053401056860646 0.16698870973468205
0.47712217301066423 0.24372115639170655
0.4709937906396073 0.3938943937230124
0.46453255740066646 0.3898878188263408
0.5050628654712309 0.10835563488999922
0.48310658639199444 0.2079584715982814
0.4956594058674191 0.29313638016560706
0.4652525672195235 0.3912069245314016
0.4641783925853038 0.3707791118272503
0.48766482351755297 0.3337648622676217
0.4641967647199299 0.37395891398640124
0.4678227822735732 0.31864689036391924
0.4760005136739507 0.3790898998744825
0.4835647048442244 0.35142953103886665
0.5153225196022949 0.14304069566230115
0.4845594762280519 0.34669541833836925
0.5138815950866544 0.0970261545708726
0.5090178635539252 0.10087230336576836
0.4740147432489769 0.26850122877761917
0.5044944321781919 0.2373293130160321
0.47627468960780234 0.25281355989269416
0.46603504472154805 0.34219221578389813
0.5012708214545857 0.12385123120526531
0.4940812130726025 0.29984879348707816
0.4673478036144957 0.3272850654111239
0.4701480765838246 0.3899482978022637
0.4666853772978026 0.38941135166630625
0.5156940055974947 0.1297735267896467
0.5158362597814139 0.11336722828835732
0.46752490347225484 0.39013579592098857
0.509353280040768 0.10203214263993043
0.5010662684169598 0.12548012700495592
0.46936404321196523 0.3897334803402499
0.48299790972812773 0.3512965055727637
0.4918482886793851 0.310528699863609
0.48849542781803557 0.18165471726975913
0.4756743224080786 0.3768019410929133
0.5052971263491984 0.11256073721115545
0.5106578040777263 0.18730286822233477
0.4801326204949137 0.2297542924374265
0.47334942629594784 0.27649379648313444
0.4817323061892287 0.3554062179471349
0.4773095935827263 0.371057550531257
0.49801805590017706 0.13856780638365152
0.5055512675782485 0.11262059327918772
0.5147755611737316 0.11286195986315706
0.5145045544857433 0.11051149902055313
0.5079567067300317 0.2074624609021769
0.4673430068747311 0.33574664940625487
0.4779993126802401 0.24559934825443763
0.5139240614065583 0.10961203697037147
0.4886569481835156 0.32344232803831385
0.4667322741613875 0.37779789554429977
0.46722101130144733 0.38005226027379013
0.4971628678209095 0.27857797328082556
0.5073644846087494 0.11086713266901738
0.5030932572910882 0.24138934188822514
0.5146031484917593 0.12521827661876417
0.48612944936715774 0.19748128115674346
0.5135888591600528 0.14902975539256547
0.5062690640719848 0.2184771736032629
0.4825982587412626 0.3490153629298334
0.4757592474932018 0.2626348559671281
0.4697500888920929 0.38201025522275067
0.4840041567869825 0.34295545687853357
0.4666425132171851 0.369388812819861
0.5023830876275752 0.12576691869813983
0.47559944527701237 0.3722021161154956
0.5061368372048386 0.11543558565763634
0.4832885610906378 0.21471496428595227
0.4844016541879856 0.20884095021315874
0.48041005288284927 0.23338028192506055
0.4709466593140995 0.30420162205715107
0.46714716555938407 0.36087165645346087
0.5021409737188082 0.12864987544040218
0.477144333431844 0.25576565097392745
0.46749408899814615 0.3495652751621301
0.4674281507915161 0.3656137703684683
0.5134715918248953 0.13389568120424844
0.4860848144511282 0.3311739864925425
0.4757951175336148 0.2662669572890448
0.4680728080460259 0.3414539682464466
0.47854166673559523 0.24723488894612178
0.46966823662912466 0.3743303093903978
0.5053658182367667 0.12162465484885221
0.47267698307197203 0.3729190408616119
0.5128117656860163 0.14263011875431664
0.510309168912439 0.11536434114572502
0.4903217687842978 0.18014176028486606
0.5119987539128122 0.1565676610945541
0.5082723820096591 0.19576503165229875
0.4680000492819427 0.3523668171361023
0.4687124791380686 0.33693850218024135
0.4997309024092005 0.14048661194983403
0.47492948973818205 0.3672704313861246
0.47602824712736164 0.26744681629571376
0.48090604648142143 0.34953585957223865
0.4692467543612684 0.3315075892438091
0.4895745247340173 0.31210500931034524
0.4989430236421929 0.260319196822425
0.5093321217039201 0.182024536461169
0.4785712036740768 0.35585572133886645
0.4687921511787352 0.35158271019119836
0.49865444271971193 0.2615127598881939
0.49836496132411334 0.26299857470247634
0.4760742500372295 0.3614795710831631
0.484048098016321 0.21767684047109315
0.5069011730996881 0.12424662687773091
0.506142830390857 0.12581967627953805
0.5042012881177875 0.2229192237495532
0.4705360051617488 0.32246688795254697
0.48863339787542526 0.3143544298565395
0.5036898583542545 0.1317459753628838
0.5047766592306296 0.12953932089789522
0.5112676493391022 0.1480131940783651
0.4733671411948853 0.2944207472363587
0.5078851629254867 0.12514687804641156
0.5112375487822054 0.1370793084421198
0.4834100466337981 0.3358489845698851
0.47562384467938523 0.27640307206889014
0.478555803399996 0.35226771936501633
0.4778515095963898 0.2598962816283823
0.47291359186577797 0.3001754102526695
0.5081323458471917 0.12678423583240495
0.5024585393053198 0.1370008914431886
0.48285032908893355 0.33735202487502036
0.49313347677828834 0.289790567256361
0.5006488449009303 0.24430018108479246
0.5035871307972136 0.22344963259785677
0.47696994082302097 0.26834518579339006
0.470489557329842 0.33716940383939376
0.5043531678406903 0.1341135674545475
0.47182995784899995 0.3165379138216604
0.48827144551575213 0.1984598933484727
0.4993814177789262 0.2510467053262353
0.4965345325971965 0.2682565894873603
0.5099548397557085 0.1426917097784508
0.4708760134024794 0.3451834966010421
0.5093890522069678 0.13671585146956655
0.5098808584461767 0.1546703660324651
0.4988521606179902 0.1520750084660758
0.47321073819043036 0.3033196517120378
0.5047606459061209 0.21201470666121924
0.5068931163148178 0.19340528327405604
0.48378744383898337 0.32999080702957295
0.4764595364769333 0.3520423862395705
0.4724242733997649 0.3144153551390114
0.48508344593443303 0.21792660207238645
0.5076344985876148 0.13491117692686672
0.48293350840804694 0.23092751540596668
0.5052702465163629 0.13639701024406525
0.4907586482497633 0.29813194493363016
0.47174197161380094 0.32770812714404407
0.5078590701436004 0.13740113905929885
0.484643673356902 0.22159193475777217
0.4758723982442581 0.2824128284078209
0.5048884585061971 0.20769087972596
0.49591028247206137 0.2687822283343273
0.5049958069579124 0.13948352538333753
0.4720670027210008 0.34194896612007497
0.476992258499277 0.2747531998533028
0.5051038686410656 0.13984249726942055
0.5080872595335673 0.14246318949345183
0.48947913858007674 0.3021180280772322
0.500368999861691 0.23968697019102025
0.4931955451737462 0.17911478149188476
0.5049724057400644 0.20370794279977744
0.503306856294368 0.21754252036379018
0.5044053336093318 0.2077740714286871
0.4899632014470814 0.298554385108174
0.47976704793547936 0.25623610174527833
0.48500325296768226 0.3205827487833641
0.4992886572304122 0.24451724690320997
0.4736070865892411 0.3408448953765939
0.5077466655698853 0.16356070003350132
0.47633036485400876 0.3437635131871004
0.4734426461897359 0.31963207645778047
0.4771318781621822 0.3420716985077874
0.5019049081854603 0.22431878731959243
0.48597731953043477 0.3141094846513055
0.5073826606017685 0.1576135184049372
0.5071322212963629 0.16915453590738672
0.5072436664781388 0.16435714774126087
0.49519052256873836 0.1745920143164743
0.4835007504086951 0.23487077001075374
0.4805678691465155 0.33242776386685335
0.47830351959454515 0.2720442999560331
0.4807469133396195 0.3313277386300082
0.48259491742722405 0.3254931678804791
0.474413651166162 0.3357430149786369
0.5040173673782837 0.1502465769921435
0.5045995017645667 0.15007396647676163
0.5057684989325893 0.18598523610871665
0.4917739621709163 0.19093248131888707
0.47576387634035033 0.2969278921210674
0.4751474486643904 0.33603444675977157
0.4856190733285596 0.2238617643721299
0.4868806776414037 0.21673734021417435
0.47923669726307433 0.26710446411640465
0.4762422553671214 0.29356000917272596
0.4955372147477406 0.2629552689622705
0.4983571052011019 0.24513361848650073
0.4945752550494664 0.18028909541517146
0.5049371507312397 0.19056656704369246
0.49032112926822047 0.19982019019179775
0.4843286674691807 0.3167287131639194
0.5029363148414614 0.21022468131298933
0.4819476522249331 0.24860086804051296
0.47907474217918217 0.3320250248276846
0.5039350363921914 0.20055455224177665
0.47650325350852585 0.3340724397651367
0.49780947599451497 0.24778385653972723
0.487254418138651 0.21641547577325904
0.4776804996378175 0.2830226296220939
0.481734903603976 0.3243062694260459
0.5054528221840784 0.17881491872675914
0.5006820139352698 0.22640401763272777
0.48328437090283993 0.3187441177811663
0.47525586680080556 0.32138658127902353
0.48393027036990727 0.23748968120281555
0.4957990353055508 0.25849052923948346
0.5010352871917954 0.22260874716624146
0.4758560414870431 0.3072944905384243
0.4826905031162418 0.3197228235179921
0.48390471552911546 0.2390194008900286
0.5046004113408655 0.16359624778070847
0.4897959997744773 0.2899924125107174
0.4920525341049881 0.19478621721767153
0.5045557012589431 0.16500023930045282
0.5045355608726134 0.16515453159499005
0.5007699365062419 0.22223298919889878
0.4832939681675237 0.2444104498525017
0.5002396509605396 0.16661016751970248
0.5042706376324996 0.1825827796193118
0.5001684705356959 0.22472289458568095
0.4788924989767723 0.27999567869225617
0.48277914495702173 0.31558524602438975
0.4994616165075372 0.22966004239952387
0.4790762153698619 0.3222741157553748
0.47691309193689124 0.3115048206969466
0.47704289681322953 0.3152474153405844
0.4771930026140023 0.30365020726463676
0.4784224773752474 0.28686979678471936
0.4976041529310821 0.2418148335885566
0.47921266255250994 0.3208827932321259
0.4901915387927501 0.2075573775836408
0.4837693865130185 0.31073647745643784
0.47789319418683107 0.3178007968550798
0.5033855785209719 0.18286681814243888
0.47871364838056407 0.28703462707056104
0.4961754608418842 0.24959606894884345
0.4979394274126236 0.17726360081130954
0.4883395596066393 0.2914879309755718
0.4824683918187609 0.3129362372286626
0.5025887186616956 0.19526967787970761
0.4814680307153525 0.2637915138930884
0.4818615307616162 0.26081375408325025
0.48777140919837153 0.2230102709317352
0.49042933979002235 0.2091542434855338
0.4783385033917234 0.30818998417254617
0.48415462853184554 0.2459821581870525
0.4829725382758633 0.3090262985074239
0.48936950513603295 0.215275892069958
0.49937584985276734 0.2235670019516527
0.49587243395862113 0.24732808692909458
0.4981813523396794 0.18137998957527746
0.5004521979523928 0.21173324190493492
0.47930822704637344 0.3087417324504309
0.47999249961675844 0.2829155652010775
0.49592648615191015 0.18879799361376248
0.4970206887951331 0.23870947776467188
0.5012263538919692 0.20082825073327504
0.5015838673492359 0.18837987397907163
0.4972414173261248 0.236395525667636
0.48169707279957286 0.2680581522750569
0.5011374323149358 0.18345581067589878
0.4850469891546297 0.24356308289757278
0.4838398380707401 0.251921690273881
0.4904255418730121 0.21324190099609241
0.48398599187525504 0.25180005511654135
0.49676754724842986 0.23834463138679451
0.4800751514326649 0.2911901145802638
0.49195552073967697 0.2666099918192688
0.4980966336305981 0.18683731281250493
0.489379029195661 0.2789524659908369
0.4982148903104978 0.22465147865420398
0.4917676358337062 0.20948189744414147
0.49904057442385247 0.21659882559551713
0.4854346791518482 0.2938069469414075
0.4994567686189772 0.18973096867550998
0.48094056495167237 0.29667276590105773
0.49768992684577507 0.19089227434710532
0.481617243971703 0.2987207016992892
0.49989364079628573 0.1960841358688339
0.4971902470063193 0.19283153134194864
0.4924822679836661 0.26040226138523215
0.49305300809943936 0.20635031789446012
0.4858198794609398 0.290112268853286
0.497842265797325 0.22273530625238225
0.48502094341965085 0.2921618256362537
0.4829549545735151 0.26751763449799926
0.4851606979380335 0.29144225010430747
0.49410863610849143 0.24979958106048983
0.4876988867384153 0.2825845240794411
0.4949763999853315 0.24413491147649502
0.496149004623599 0.23518722708106443
0.4912092166889491 0.26558963791007173
0.4912206692362816 0.2654338168285246
0.488270940389135 0.2315905658188595
0.4981340558957982 0.2163121610710097
0.48419930811765544 0.2595628244809749
0.48265155465115667 0.2748072560009134
0.49002348446059796 0.22299103879008264
0.4953391525349057 0.20154461866410678
0.49786077486055946 0.21571471959028798
0.4874054276734486 0.2804647411586143
0.4859504486071219 0.2853255636263099
0.4975167394495854 0.2185306280533572
0.4951426475791387 0.20401749756552334
0.4832037473663939 0.2865338222604472
0.4868384510064062 0.2808173995616592
0.4848742043912304 0.25875118229556504
0.4848367397799775 0.25911348415012814
0.4949221400076617 0.23874929208631146
0.48548062235637013 0.28405892213736594
0.4928434245069556 0.2521364353606601
0.49076956012873174 0.22255230266076165
0.49400786306420424 0.24429727915237054
0.48544500295668847 0.27775954505171496
0.4918309515141262 0.25309252329965837
0.4853801591869815 0.26509556653547195
0.49428885649760773 0.2352221501029761
0.4873478367029862 0.2704098758482951
0.4863129351729236 0.271736354878124
0.4896151755262543 0.2371593485630239
0.4937162923632302 0.2213916126682256
0.487264159666485 0.26567590944104635
0.49035401119407135 0.23490117939359
0.4938852882628489 0.2293008529309728
0.491404716226816 0.2485658630381371
0.4928911611216199 0.22705686099709377
0.4882298666966961 0.2594603949079617
0.490827530028371 0.2491362526186096
0.49012451698329157 0.24186548706753008
0.49058083918114714 0.24827761162021345
