m c sigma
0.5745437345895321 -0.6000503657637348 6.6439944880084205
0.18983890360325217 -0.2980237395767875 4.641724347932577
0.361555932398379 -0.19957905058540515 3.9656778205636267
0.395346769890047 -1.3272413001349035 5.991548503262623
0.9061666007203123 -1.131733055589112 5.237749728118146
0.3717826361032969 -1.1873598609289326 5.916462757130374
0.7346016715923387 -0.03568402315568164 4.796612699479841
0.4246657873760095 -1.70327765990741 5.220067185842176
0.19215807109623728 0.30481614613454733 4.263947383436281
0.7104643031131203 -1.7441338185240656 4.135187335597957
0.11336302281498012 0.5484634918991018 4.504281222621094
0.1605637814492869 1.7860780703274495 4.147136806650023
0.7250634535343059 -1.7962833321869502 6.159147073185803
0.06902895514079466 1.7457120774709045 6.081719108667196
0.25003189839693907 -0.09278343681055734 6.01336223374303
0.2559273381925625 -0.07609480764051701 6.026682341751444
0.3391673109319632 1.139599584068054 6.185963678069858
0.12380550958204839 0.6548656339850232 5.868561733682604
0.442089549258183 -0.9580863162725259 4.246300522494735
0.32268763192328964 0.8014380755316255 4.0532067172030075
0.32386503872946115 -0.8282907050746888 4.688119242934118
0.3570830667411353 1.5371807365683487 4.411594245782089
0.2656163740651032 0.29338582345505415 4.167387359312213
0.3739157250594147 0.30524293219498455 6.249348878734667
0.050243257130300756 0.989675109050848 4.757573260119658
0.7760156555314801 -0.49887552629416954 5.362772237942427
0.47435422927900595 -1.674302247086282 5.459870318514345
0.407380978801285 0.016899532714966803 4.04820298366896
0.8757929274892473 -1.388161332482492 4.9922924565253455
0.8732109744606498 -1.4876494597854153 5.487545265847475
0.5590754996978681 -0.13712378444589346 6.102400779847087
0.3667249698400471 0.10175382521519571 6.152870295275667
0.3045985441919725 -0.07074247977852188 6.009402661661869
0.892383322141404 -1.6199881022434774 5.3072541365531
0.5253497817836271 0.20748587400285512 6.037910351246785
0.48313265938230765 1.0308018710664824 4.626865836649648
0.1789636743180889 1.2097771230902796 4.2324802261887475
0.044909729962999134 1.1554311196825808 5.485876938992495
0.3731741619678657 -0.27871432096105453 4.188809469731662
0.700684515209931 -1.281464188911526 5.994588079259663
0.05573721282577063 1.4025021272925482 5.706641720995908
0.340011217472161 1.4356518910540164 5.864471530272133
0.6326221460971735 -0.5509020734449457 6.00543010919454
0.5699734237626622 -1.7769014937430097 5.701478880230506
0.3314659257337038 1.5632991550268134 5.777926455404426
0.2649164830304279 0.9746209698570483 4.168908872283803
0.4383084439971674 0.8045308957443904 5.939862558913576
0.07294517766936945 1.1277346218808613 5.599534593160476
0.11609852287550286 1.7188501686311164 5.863670154463224
0.32664004977180167 1.265100771355054 4.285480877600976
0.1367347786949924 1.011773527223911 4.408948416241193
0.7593973613571153 -1.280106562181117 5.8218834420484376
0.22418924089985248 1.5822635293882867 5.91952202058159
0.24302764022245793 1.249274868595553 5.99156060288511
0.46595354341039374 -0.19139577076844838 6.085531940191695
0.10202447705074003 1.5714504990752367 5.825372598539187
0.3223144567100772 1.2731356452844915 5.928066387727159
0.6154800675814401 0.37743764698407034 4.953352509505255
0.7644756289996859 -0.6187150694611354 5.083562338445523
0.00872383632406444 1.638603821750162 5.412175820478584
0.11828299530145914 1.1664931027225554 4.445768071764991
0.7463277658924439 -0.6259476410009048 5.481580724209593
0.6948549577563873 -0.7152396742807832 5.81770985268445
0.2975596993904511 -0.4929485445543902 4.727691650038918
0.4661554848143057 1.136873806174708 5.450100319909773
0.5412752847066721 -1.827958083806208 5.252453599194837
0.35751753570850975 0.07024008134593052 6.0214641697120115
0.5991354029449297 -0.5085613431148466 4.217060524764516
0.5783760187981521 -1.645822343552831 5.736148185136935
0.520507296583266 -1.187792788288528 5.875157673713848
0.89343326492003 -1.997750190568536 5.218268273218597
0.30639463423405844 -0.5852396042876671 5.4005337655204455
0.36197885460600543 -0.9489953787013081 5.199752983703907
0.18357997753061933 0.8906953726072651 5.856540188265753
0.42617438354812587 1.0149133196997089 4.441262640736116
0.11683035041158904 1.2211468952732938 5.744253767342917
0.533712231740237 -1.691236882135348 4.7860786383872735
0.00862079552172157 1.8104298539054802 4.82389754356449
0.07733605383928477 1.7209838387149885 4.509136691771088
0.511831744422709 -0.5771985872351215 6.005296095575462
0.3594953450584692 1.6939595313424953 5.039514302226591
0.4421771706390698 -1.2842589783325198 5.403061332298366
0.4344291746464024 -1.0019502447130657 4.499333385821775
0.478842411790681 -0.8388604386199878 4.271794348200468
0.6373912968890205 -1.767231872228602 4.464903258919185
0.34205089539637795 0.6008634178608889 4.170207530667026
0.10914411125103995 1.3073464703528659 5.722238245405295
0.28137709938997113 0.49548066392407675 5.950801319160254
0.6081451110622376 -1.0205644614380303 4.231879287461827
0.6860528640467184 -1.85040043421046 5.740163069080964
0.3116088799571503 0.14087765352455772 5.915048709037411
0.27434063368501516 0.8920931519205699 5.94929517717312
0.18187624358606325 0.9020604135772294 4.36849341603544
0.18204761458708557 0.7481750076234759 5.7636747741069545
0.4707083129686704 1.028215135573896 5.45369174037579
0.447074650619812 1.1263450637004762 4.714351367015887
0.5514409147819834 0.14845402428028232 5.816713735643053
0.3364602363601213 0.66077688757031 4.190768846341201
0.31989751435351743 0.4452434027795702 5.962526913018049
0.5012745143729225 -0.07910510219679923 4.19127162064822
0.6467623322297336 0.020963494923055936 5.3790833587571125
0.49034814738952703 0.7626511432891907 5.625656339921625
0.5661917125526806 -0.246849300458301 5.900980387772458
0.1793687564380808 0.26466866183075854 4.916557748967124
0.07302373211636737 1.106447800771437 5.27061851356943
0.46843565057137654 -0.4151249033989828 5.958856761935184
0.800616997215359 -1.6008800568400867 5.576210082702493
0.502363649259204 -0.27308384363923666 4.1823306959931985
0.30713717161372933 1.8295632190183362 4.891262004071628
0.621760272087432 0.09065698174084247 5.4923803451704725
0.43009591536033387 1.2629647717616663 5.332347033946209
0.6749707850520803 -0.11664344953425076 5.0494092265797
0.19748957084947727 0.15699778581849433 5.287357915563897
0.6170355301032526 -0.7186469165041314 5.881947754851089
0.6333655148728641 -1.2713716556308126 5.846548148580064
0.7975789969419039 -1.083578583999129 5.051468150302404
0.6136481533017091 -0.3244733607094501 4.364789642457869
0.81172519138967 -1.5493298753338398 5.4839829276420895
0.8268465346603938 -1.38758364045576 5.026819489373971
0.4786695037258568 -1.3604341556392414 5.433122018408547
0.47683579493735695 -1.4378277250744307 5.202497012068731
0.5265571232333099 -1.4385660652125343 4.582756364667214
0.23372192197620778 0.18072116439339947 5.6141910621085875
0.4684507276728115 0.6448809509477691 4.398514301833004
0.37738973335993176 0.1418325416997015 5.943045695066138
0.5165167326463135 -1.1253437821103258 5.7752679666561075
0.5781250394560657 0.15710608185209418 4.510617236929678
0.5859911695775337 0.3077853459679569 4.719031002478112
0.4675041240026987 -0.26004676956919637 4.19165694675059
0.38645765448236363 0.33664998540201463 5.941487866374947
0.2745475221698948 0.6089810434386456 4.266207651561784
0.3927710741026133 0.7120162452657537 4.267669663120548
0.6193556317576099 0.1976171583924553 5.245933114125415
0.5736139081009793 -1.8002317198052258 5.319151540951773
0.4287473963858611 1.2471105140248024 4.880570926581109
0.48776493125569975 0.6612748777676893 5.666251465343209
0.638712665685997 -0.5588787906204211 4.369648197859558
0.36430421829849924 -0.7778679618067694 5.395257991445858
0.5856815230079772 0.38788325154896963 4.88858887361156
0.5836835969195355 0.3055354346603769 4.712353338513632
0.2793359091495129 -0.36381508917814687 5.131699596723168
0.4533255246182755 0.9345239332528688 4.586900756669614
0.8410862079298452 -1.651839106568023 5.176313466180024
0.6297193254348382 -1.0982988605361657 5.8391176793826265
0.5927761394181055 -1.9061852216178448 5.037490524050737
0.7438548184682253 -1.4893536718539513 4.481526327879127
0.33710822598259255 0.9068306209095698 5.866014201779431
0.40717326303251355 -0.9292237997708179 4.674626450140304
0.20760095612289975 0.343290080940855 5.546358203674675
0.17182523322307605 1.9937339282030413 5.549993641268421
0.4642921259172464 -0.24528821724133865 4.207034225080933
0.6519799469170356 -0.9743084299636771 4.337843756991279
0.18393444003956028 1.9284446809940463 4.5817854180688125
0.4993247265805316 -0.09287739812435003 4.228849447832076
0.8476240417294273 -1.8740944442010752 5.14019847331443
0.732101397754285 -0.725425727691055 5.381223470214833
0.4988615749077133 -1.3197735445928862 5.518412641177647
0.7994805677649569 -1.4156458289349303 5.394090361153349
0.12068556724386004 1.1082136232045041 4.61978562871634
0.7214342137958245 -1.3336159060039279 5.685206151398862
0.327679353923623 1.5637737135078265 4.684152103839549
0.4657009757557143 0.6335446468262749 4.421712923933492
0.316231261811329 -0.12661023715603337 5.698786824001864
0.6281250742017265 -0.20362563165727088 5.609149881066578
0.673501386883058 -1.6187946925016523 4.457385589482807
0.5941065871218382 -1.8591353183075965 5.213818760728889
0.8255188466060892 -1.5463030264009605 5.06542990250983
0.7650979695914085 -1.4193918731496122 5.550632266027727
0.7720939590950165 -1.011308513477064 4.939750172489006
0.7937398287462416 -1.433211804501291 5.407477665002394
0.6298353169211225 0.07933253694391329 4.976434481061224
0.28985853726589117 -0.30363038734665593 4.7964426575098456
0.5708557573293496 -0.8606114608852027 5.837223131003368
0.3824913728324273 0.5013912994134833 5.872924462686953
0.09922358236154408 1.193671958883563 4.7389143877459
0.6232994550117772 -0.7178857577853104 5.7868558029558725
0.20943832477983262 0.5438493436957286 5.625281864848462
0.5085179205127824 0.36910544973168946 5.704593486444914
0.2687218651599682 -0.23606716418318285 5.052286562012386
0.6865045287371321 -1.1541107254406031 5.710764066588486
0.47343707874060037 0.3386911241093906 4.316758073989404
0.5086634832549682 -0.01960898743909456 4.2743326261774515
0.5838985018038839 0.040305895486419274 5.612919190065506
0.6739910424185469 -1.5323084560173057 4.44807192233375
0.8018558499626263 -1.8691449506309303 4.731047175578667
0.6907942751732576 -0.5468387177025549 4.6730792529070895
0.2610265769124504 1.3955849165484913 5.707169631907472
0.724338911952308 -1.2043131440844133 4.514019581409517
0.5393672888834675 -1.5790160718789459 5.296842546046495
0.6958926396440651 -1.210952007957202 4.438728544036318
0.5950145331215921 -1.3931394735643883 5.677114954394366
0.6537067784933372 -1.4505360200748034 5.693699411399809
0.40650284364428313 0.788506624776729 5.744351686502735
0.5565752537478235 -0.42780817101945945 5.827950280289746
0.4227802609168119 1.047089425996952 5.508321834692498
0.3213648973785443 -0.23644832798200466 5.599453565517934
0.05010663698494622 1.7723378238330652 4.860844249745245
0.4208240690186855 1.114046061375884 4.700501953975447
0.22446100058636953 0.4324289609585179 5.599985359677584
0.7333204546823241 -0.792692304838793 5.327509939386076
0.4195777890289638 -0.9230387511769207 5.455110174589323
0.44566877022536255 -1.1000373071168648 4.752346396314416
0.09224479610445167 1.262638779578972 5.339788830849966
0.692319867539771 -0.41204735083356336 5.217649505238388
0.3013174948333041 0.48052297636971364 4.297896509354385
0.20248771567269674 0.6361868334157537 4.521007726062601
0.194296189533176 0.38892823569341495 4.784182981429606
0.6671246687781062 -0.42956909717666836 4.64705453271412
0.41887899877130275 0.16924652900304915 4.242315517291335
0.7638020509627603 -1.1648613328245083 5.372624086265288
0.7646873571150259 -1.007221663401212 4.994159277545241
0.3492561780672931 -0.2786129670462014 5.658597435087786
0.11235254117877382 1.211863173226856 5.4344761779027255
0.2670221267210754 0.23055309895307463 4.471297989770495
0.05159386813379463 1.910622566628144 5.2582839401497665
0.5110027801141402 -1.3682691385470762 5.404246333649162
0.21207859708872676 1.636834538048371 5.6095942110411015
0.3464294283050953 0.41571555372141544 5.83161887593694
0.39099970799183414 -0.7217061489729946 5.489482635698453
0.35653970982406247 1.2645175611377648 4.563621166309593
0.35176513929144404 1.2245473247392975 5.602324022696115
0.3498262911376246 0.4755831828262309 5.832090337128571
0.2783946053753396 0.8811781426460987 4.315860154593564
0.47593907573130084 0.19333435644769148 5.798936830207932
0.24577912732122756 1.8872515641830496 5.293191552995868
0.4160783478496922 -0.9810626375156901 5.2757473061623905
0.2704896215898736 -0.17961623491249457 4.932106401650472
0.6545141072134463 -0.5320924746267726 5.593080887993218
0.3807016097552981 0.9776380742903918 5.67181937238008
0.2108869322076108 0.4554518446403115 4.607804880150528
0.5859786110158001 -0.055011290081822484 4.502374961996329
0.1509649397766385 1.5286444955011462 4.514561560791827
0.7595268635619495 -1.9392165462959206 4.699988547758437
0.4865675228404094 0.8698536019559739 5.038953836222303
0.21374340694446226 1.8532563693944812 5.447224852623306
0.18451073339060103 1.001246438771508 5.635817606735668
0.6756289871300811 -0.6473559131645077 5.551649340745179
0.5134468977159345 0.7132536433526178 5.1572163393272685
0.4905953272399398 0.7648651901311312 5.3557968719087645
0.2915695901088966 -0.16443427980209568 4.674860435448465
0.7185199347497595 -1.7961689865291746 4.603814235878543
0.6136714424823418 -1.202048487730693 4.389299163518832
0.7258724640347249 -1.6171287501732496 4.555590670952827
0.4428897782748399 0.547615302889747 5.724182947013073
0.6028344408827205 0.10931146423873672 5.327676396698225
0.6670861669728595 -0.7719361255991601 5.624225686942421
0.6766615410145921 -0.5638657928560082 5.482847445811149
0.46617909940539604 0.6655314487464339 4.51624919544973
0.2301817753252744 1.556386777106411 5.604597787599048
0.21601800669200197 1.6742219394103994 4.551932584783823
0.1883861197940122 1.4437640311551356 5.6376639520945515
0.5082384881673064 -1.437129661125493 5.047987461689873
0.11992305157481543 1.067086957423923 5.330444053283455
0.3267919772934236 1.3665277189639706 4.574784336873637
0.44990426372624903 1.0327266459106719 4.951246646671018
0.45283881678360344 1.0123398118471107 5.195310473403943
0.796915859489904 -1.9544709007004384 5.2746274679777745
0.7095943465339527 -0.6121193259719773 4.917526553955325
0.6027931967390296 0.03111488810246099 4.701858088097012
0.6037437189980879 0.15497641954276542 4.9860540452595234
0.442708049553496 0.7724322222944715 4.517325952747163
0.6057158048615774 -0.03918662007106599 4.6492860849515925
0.597357493091084 -1.74823417932739 5.220375999654299
0.7338576907246365 -1.8156943516613795 5.452884796156818
0.7268605144522307 -1.9989120988564286 5.333401576215657
0.7646407396485583 -1.9910125191668244 5.319719453309826
0.3304049854269961 -0.36541391114178 4.669040773713046
0.3822754626023969 0.8777000013491048 4.413893623859516
0.5592311056079107 -0.8635213733976119 4.341347189794557
0.6227958593320165 -0.2435599817555052 4.5899165956222845
0.467804363252572 0.6965802787811337 5.521701742464222
0.5996711654273545 -1.0103154944363109 4.369993274414722
0.3212833407392285 0.21019435188584668 5.722771785392428
0.1152023868021812 1.0489375676124006 5.1502525127740295
0.5251766813950244 -1.4707730259580933 4.959969998280983
0.45698150577117724 -0.7829185808667296 5.631427502604499
0.3381020336659745 1.4584821229395306 4.77638920685797
0.3273942288818249 1.5431655512383209 4.8648539734694225
0.4057634997646663 1.0546067970221031 5.468446797365994
0.17039713985976587 1.0047085804347988 5.537315834516859
0.2582596444617591 0.8941811475748689 5.7129666603824365
0.34613090166803534 1.4555568835906811 5.264968144797689
0.5453124633045903 -0.3619479857640635 4.320810990256364
0.4201350243595925 1.1412699276321199 5.194688651601317
0.5383914462988657 0.3439207584655164 5.468743089742993
0.43629266596994354 -0.8855180071933182 5.470736082633438
0.12419420585073004 1.8507843057342948 5.411767851668616
0.13123709887103166 1.5504139809636803 4.608997946273233
0.6352249527083987 -0.46723283584332576 5.5708244920480485
0.37191226586261295 0.06669893170262364 4.310690537721965
0.10430517842017206 1.8093467879415224 5.380128781933658
0.33531757836509385 -0.5097448035946028 4.924018933814058
0.15968460700931825 0.7856879754170585 5.3425954776869435
0.3176856090876212 -0.14718888503415273 5.537252176419729
0.6957644070072713 -0.710078098992728 4.69790822125778
0.7895222685749081 -1.6155084917317792 5.240160067167958
0.7220471701966453 -1.4485940877045207 5.518532753951503
0.7573582600452144 -1.3494751604156878 4.724238571536944
0.6031331825505302 -1.334632901474117 5.605755335104758
0.7105619763808215 -1.5006308907364307 5.532880413042975
0.11715230113802814 1.0652335230776981 5.16390906955394
0.4234731888503467 -0.4407486878279081 4.377949399815745
0.2585783599964746 1.61903273858794 4.639491324256489
0.5275159528372597 -1.1394550199899516 5.576071307222534
0.25705122319266216 1.7282836441567775 5.336888233404892
0.7210954611230463 -0.7762043003385295 4.907532248641223
0.6037179438844228 -1.751370080339595 5.1343293289445056
0.6829305908218941 -0.5232191014826457 4.801423212650521
0.3618300326730822 0.051032151969552686 4.338008083224344
0.41990509319077873 -0.9602646362090548 5.136264143780237
0.12809906318024927 1.5470998864483256 5.4519873810940735
0.18107825547982512 1.0589774136202608 4.52539813784313
0.47949744778464853 -1.238808610223971 4.935316468065031
0.24066499402676328 0.2691811095525751 5.431347303884103
0.15474705961477103 1.1456435033115429 4.600735533621437
0.09882359469393427 1.7569021116651609 4.761682073002772
0.32138149729714627 1.3769437213524252 4.621116751320419
0.3698345432531808 -0.6473793221100381 4.824063638537145
0.38600629786737867 1.0019568256878641 5.5535578199908855
0.5762408332276256 -1.3319876964099189 4.533436286942958
0.37427606553019954 1.2613818357044098 5.339040489657202
0.2585823380111084 1.3102515280313907 4.4619877507987376
0.7938366850970796 -1.8522968038689749 5.123768913910112
0.5202585823514744 0.49451756265451907 4.716947077804404
0.6610626613300741 -0.8187735600120525 5.578846655750448
0.5055681849865624 0.6793331421477444 4.960261056755981
0.1842072223420219 0.5080218615616792 4.99233318951574
0.3345529336564773 0.4102701330130656 4.326395427415063
0.3128254632548161 0.5995007066190916 5.724619446163695
0.20110963989230618 1.4327714954189048 4.509381259554584
0.30760199134946986 1.0510803485833295 5.659300816900194
0.20372394139781616 1.5618690857175928 5.524898485737971
0.751140409157032 -1.6163444692001554 5.384650968520587
0.34613672679915664 -0.5514465818655352 5.065632139498262
0.4000381166296041 0.7515059439537621 4.4234338210627016
0.6510866213060942 -0.8373873821710467 5.597957000942034
0.37137160048295426 1.331751406137796 5.165488753962749
0.2940452578501648 1.4883823835962353 5.429331064526043
0.564957856734834 -1.5339054416286553 4.812966019852762
0.24877307880193947 1.0343797636570118 5.654852546523946
0.6629764225625067 -0.38299991194408634 5.257062113631665
0.6065021148280108 -0.9662478038860138 5.665546127337944
0.23589536697938168 0.49528888201735866 4.5465741614739485
0.4959608794759063 -1.1577521398178652 4.671508096538473
0.273645021805961 1.6939802741048577 5.2276353860592835
0.7352825200907975 -1.710825803815168 4.690392728919837
0.7133670423272347 -1.2952339798790244 4.590665396151277
0.7024758484743996 -1.8135238528129625 5.359424141842437
0.5898442865697753 -0.12192321626986624 5.513150744259202
0.1398829062912802 1.1204752653655499 5.363460931387184
0.30077515300325486 0.2677665991179947 5.640632887713516
0.719747318640971 -0.8218179663554461 5.183747156812917
0.28867909339959685 1.3758771200014581 5.519034657183759
0.7149139206253954 -1.906787856279132 4.813789097786322
0.17839347238437242 1.959818940682748 4.892218823495676
0.18210311210326552 0.9758475726319165 4.570428289280037
0.13800399954538733 1.4568413250879892 4.6412553647743655
0.5056804486434733 0.6315584175544458 4.864540929615682
0.15320076548075767 1.73630343613691 5.4131726959391155
0.29574863297116155 1.521040982827297 4.712986098039742
0.7662194135290846 -1.9634618916729125 5.103097566349316
0.3056030596472631 0.30344079186847317 4.405448641908941
0.7793449567771911 -1.636644067923386 5.186888267798363
0.23470913811811495 0.16489512362697667 5.079133518866716
0.5038615306962301 0.6665086375200424 5.082956374959214
0.33018175248788223 -0.29464214773991015 5.397083151191424
0.1260468511335069 1.0915243394090552 5.176952898400861
0.4479882155487708 -0.024477419036960324 5.743060381671313
0.39405239384847746 1.1085047762871385 5.367722180062124
0.6129987232447788 -0.5781713354287401 4.449048277636507
0.7533887741246561 -1.1578862796783778 5.113839322752369
0.6523392532288188 -0.6204242603168031 5.499399773223114
0.7262454015931757 -0.9699749950176457 4.815001216936363
0.32161369025606906 1.4847804463998617 4.830777300226333
0.5833758189014115 -0.3217641142033556 5.611782062667477
0.23618392016879067 1.442407408211289 4.536119660688059
0.6124887119212251 0.0012732246730822183 5.043458213792274
0.31735157510321155 -0.10159642441733485 5.4914404348137325
0.22800403321745158 1.8239381505912382 5.185790222463101
0.5815544949267895 -0.8842353465894432 4.392888819806346
0.16495660156620423 0.8289756603988341 4.7756019426730365
0.1964798445262878 1.7697824299186502 5.361370180101197
0.5744294891382544 -1.3995464613506823 5.43745544899115
0.7476401264329093 -1.7762094574639349 5.293286100425059
0.6555392761251416 -0.9824698331799073 4.487580158806754
0.6956906189257674 -1.363735777505209 4.5703004024436575
0.5789627360114213 0.17184733604800284 5.226946569185808
0.31735808767229967 1.5311367416026727 5.127640088445931
0.6256368072829157 -0.20714769899913898 4.741937115768775
0.4095503461788647 1.1343456001657661 5.100983129024707
0.4639765466052076 -0.41579510642449424 5.702002555937911
0.6220137697215432 -1.702967034566178 5.242608717692261
0.7132148186791718 -1.788052747178873 5.3283346274416745
0.41931190643048927 1.0443929711118543 5.2465840920751
0.5836872843467403 -1.2832205428133525 4.5323770461471895
0.6651884173163997 -1.0782346272691596 5.5548159678045685
0.6116147428528351 -1.6846767586312286 4.871715352636448
0.4740788868606205 -0.8144293354662917 5.569363889880696
0.22517533285224198 0.3018182965771352 5.225153071426236
0.6530345014290753 -0.3433976831809906 5.225774347115053
0.23865409232286522 0.1694297051692386 4.969747065008439
0.521736409428959 0.48680584825460915 5.273524781855668
0.7662249809899337 -1.8910874738866308 5.043701332633528
0.6595292302715241 -1.2046802215431975 4.502231822328362
0.48082062122198393 -1.0737958028006283 5.374744124179519
0.1476882813897007 1.8532741086696425 5.292121679102538
0.1376482087412917 1.428180669065254 4.678355174082284
0.2345055235044692 1.4111865303972233 5.525155745868342
0.7036603742111718 -1.5079945851945469 4.6183593846951
0.18546655293142503 1.9068098977045183 5.172844408236647
0.5280049707263411 0.12980536912959906 5.5667571554923345
0.25392145114203235 1.674365237153106 4.783591427922723
0.4072822505690822 0.8419516367151463 4.530156922180514
0.1675765334262635 1.4258699991158221 5.467178730099257
0.7388895527611523 -1.7754504814230898 4.78954850082755
0.32905315149305164 1.1701506451958092 4.536740640587497
0.5338015273461988 -0.5622216058178342 5.689040729277201
0.6654353194002227 -1.4964377057581473 5.474415567126384
0.5333268644471102 0.03141986670351038 4.460924212641657
0.4855174916503787 0.24141159551104518 4.422825277134816
0.7320884747868683 -1.5465197894047564 5.36865709298784
0.41231999166451616 0.9229061629421946 5.439903589311811
0.7149287183404618 -1.4363784753735436 4.637231836849178
0.7457494881938838 -1.7759472935540987 4.813735097187649
0.14489103414438473 1.522998668036676 4.666427430163165
0.15196185876660667 1.5854048839194483 4.661158775456574
0.7320980927528848 -1.9079115273420988 5.141120401405969
0.5208013118364174 -0.6868265600442442 4.378366365028646
0.3870747866356271 -0.4291340941396289 5.520869971111651
0.5321105774582008 -1.3956603989355938 4.935392849387764
0.5488613713913232 -1.0054773754059916 5.593549068763027
0.669715174300322 -0.6288210185814709 5.368502638754298
0.1614503119618503 1.7447610047775894 5.3473054589309665
0.2380138071616339 1.2413846528734394 5.562958737218738
0.6389899901743943 -0.2837920363790478 5.257819862712692
0.627478171905318 -0.14156968394721003 4.967810601715352
0.5469223637591587 -0.916716677084163 4.426689893285941
0.2290589114833892 0.9504741646577468 5.5743318839248595
0.4751389421895149 0.026168252085279065 5.691930766880633
0.29217859353942277 1.6047428965425228 5.091522373148677
0.5734494205949174 -0.9704803373595547 5.618084956521699
0.629073272517837 -1.2338284076371393 4.497720603894738
0.6354107785695775 -1.7157100217783685 4.844516063943954
0.20592098491664376 1.176051691584628 4.516957782180038
0.5016869863698131 -1.2023994539879115 4.778499645069961
0.10744359552877121 1.391413360550021 5.076202689023996
0.3503632292954625 1.0246475992016215 4.5050403614615275
0.7135436774771203 -1.804630128879949 4.80279725453774
0.5772049872722838 -1.5389519953741755 5.204430484498975
0.3989520018799815 0.7274526490636406 5.5947209258521235
0.32962939634390237 -0.38595350402774 5.099598558711174
0.3075766671757179 -0.05184330077704513 4.623293656161392
0.42262439275794716 -0.25532098421523974 5.66570830797147
0.14223619520144185 1.7087172838119642 4.739789791968553
0.4504530079038463 0.5236290072933842 5.568396356657072
0.44307402363377923 -0.9313548378605185 5.274701055512897
0.14977161762088526 1.4073453586785059 4.665874682389187
0.7105108842150832 -0.9392327734085573 4.778852755686059
0.5626459000832319 0.2423564373629259 4.868284227437116
0.2921244681359703 1.039337785352612 4.445548068549065
0.32845811914463735 -0.3738975290432389 5.011556742983302
0.5251438942299409 -1.2004090745582014 4.6596711410118745
0.2695439653430231 1.4136797188894867 4.600167866994978
0.31609337369072643 0.9979676636599537 4.449163409686423
0.18466018469980028 1.5641635735668808 5.420295312922302
0.2336239812549124 1.3692819914278695 4.544247231693501
0.30214063935995733 0.6580476415432255 5.6434339001300895
0.5272429009196467 0.3273565690483591 5.38502634377496
0.6843590238979462 -1.8522511190656439 5.048007606305389
0.5668813138272805 -1.3277315615811118 4.639923648396857
0.6871777007880928 -1.7606186241586734 4.796533834277489
0.6426241718829449 -1.4652837099824025 5.445959732239604
0.16431013140821293 1.322984584976266 4.631868443620194
0.21178784208061227 1.350673406909526 5.498795846551366
0.4702887329736918 0.4972374642789914 4.5383816288448555
0.35982274119765734 0.44219585904644454 5.675209753925847
0.11385031891053055 1.4175326396385044 5.131741723970796
0.3031137790968324 0.17522904782825988 5.534569320039566
0.3730797595516101 1.2530831698635887 5.081172379571432
0.1370856321814576 1.8949169452173296 4.971524913675525
0.30535757737251534 0.2746136679153772 4.460836461943432
0.2614454681880047 1.1821422867885802 5.551163391633047
0.5312527821103519 -1.34503972466733 5.182396500250173
0.5760370478311628 -1.5395380220453607 4.982847235678251
0.45095145569937634 0.3099366654651563 4.4005590506281305
0.18950345201877147 0.7840202485515557 5.343788525321619
0.19134342849666286 1.7653358734449238 5.259488198148288
0.1382893258786114 1.807236186388499 5.2027756683700765
0.581462841926077 -0.5848681611514919 4.426551092809426
0.15043515039092684 1.2038368150077954 5.322896464696067
0.7375407623514969 -1.811394564313033 4.935707002739468
0.5850465820543664 0.10016359047281842 4.949930035166631
0.17853826460864808 1.8654136146218772 5.086172009612611
0.2550810019375783 0.48205461674936645 5.493283947806597
0.47415515436147976 0.428042121931806 4.51723710465644
0.18215835371782346 0.6766007887148726 5.1117861323631875
0.11234681248925543 1.6955140227456553 5.124303133519571
0.47612740361954425 -1.0017517593152927 5.352258962213648
0.7164601348543194 -0.9689624013889018 5.1886184304117835
0.5032889241880227 -1.2294753946737957 4.912154320727281
0.706897245894662 -1.8402605410697102 4.97133359867574
0.2708299454385865 0.8886644695671215 5.591072941510217
0.46237782896118584 -0.7621525234903723 5.503286762592778
0.6572329992171337 -0.5916828291621008 5.354613681760483
0.2384293324711465 0.5076146716479095 5.429111366449906
0.7565502868515462 -1.5557982883898926 5.100215642616716
0.5799077769344473 -0.4849440762381456 4.445096491513268
0.6691105713446799 -0.8709606683782334 5.434543294082407
0.7480501140486561 -1.3196904131862575 4.968223382598838
0.2988817366592695 1.1574896955239105 4.5173456281826
0.5613458493550331 -1.4057222237775704 5.257871146926326
0.3971588275447874 1.0850678058260024 4.832669425677381
0.17554379821550942 1.7183275890907428 4.765592498353009
0.6033689229331385 -0.08020905689584423 4.82523143135829
0.27771898656197985 0.24224289996988757 5.445729071730798
0.1498625917639026 1.5836108776211004 5.31291597339947
0.46865226099986695 0.6612854411229465 5.33151395026576
0.7318532001057201 -1.2857818562791454 5.2428499637067
0.3121498386956004 0.9402160903370689 5.579839192330688
0.5994760261069468 -1.5930687002165576 5.074918770403286
0.6059791027216608 -0.14666228052631958 5.286981589682945
0.45694353673783117 0.18262536421640885 4.389339051748342
0.7310627115240151 -1.6824921622294415 5.206428831825112
0.708473058117862 -0.9148409511239066 5.175124742695666
0.3455442291677385 1.1815369931232076 4.658093114777097
0.5780051869708791 -1.3656584781331407 4.681811147285515
0.6584229301772377 -1.650651937152522 5.26649189771164
0.4362767195079085 0.3019187743395628 5.629793896414098
0.29205302741180966 -0.10216385508230497 5.011350006007822
0.12762709166428604 1.560552526490739 4.848390455597107
0.11741321863018683 1.5035153424980976 5.019601883501087
0.7258690139868684 -1.7101690112797865 5.182340310913042
0.7025374858800132 -1.6343736716655153 4.761328230580068
0.2127758834862548 0.4581604901589702 4.977939380528089
0.5757175461273303 -1.4887921093997505 4.913453105480038
0.6528440332609391 -0.414043426915238 4.942831453769666
0.2964258807528676 1.5084131056086405 5.130131715623296
0.17017050860049204 0.8340112144674574 5.10931510339502
0.5727586828260494 -0.22717656455254365 4.525656871644575
0.2675516125360083 0.14307426459783734 4.784661847940866
0.2167246015311987 1.7371034416613869 4.919604991170138
0.5395592153742542 -0.14376833606256434 4.462461637227091
0.6055532564006497 -1.4550212940548661 5.32602688544756
0.4092066154965792 0.9729757243607415 5.270239625559734
0.6642584299140774 -0.965946578253543 5.437843150461918
0.5927658864667434 -0.5768607611339436 4.477002992767423
0.33429974645267435 1.2430040972815535 4.702219461116394
0.26068395294357843 1.581142240291924 5.205718394473131
0.27275477548587684 1.5891934503047658 5.045186389340825
0.5991393472983801 -0.1774972039752265 5.334871966687733
0.1772254370433693 0.7837392404553576 4.949406095143174
0.1833482261828443 1.761965520987765 4.883375232307535
0.5578510454691055 -0.5465993911445333 4.425759567150999
0.2535383706388738 1.6406812389350067 4.966660348904888
0.7136301183005462 -1.5675733077622613 4.777188055196301
0.2148442526658661 1.725087447334952 5.111795437971486
0.5682265023617428 -0.8601490258792128 5.561989054088715
0.3716529988359861 -0.5452351652802006 4.945701083718701
0.3317291844320941 -0.08664130974600481 5.428471471973506
0.23024570345247294 0.8356722654756705 5.4713461386869895
0.2560488083037597 1.5863998774311252 5.196034379135094
0.3015314636173488 0.2752741714867266 5.509152864056276
0.620968157751086 -0.9148897653797561 5.5140064697999955
0.681469103828331 -1.7363181179542468 5.070478626722679
0.6815660758737231 -1.0553187883469133 5.375874341885451
0.5053567426128676 0.4440169646465133 4.748151240320048
0.3636622901315826 0.8542083300811654 4.503701291012371
0.43840150019628626 0.45565906763348396 5.5478876210328085
0.5739472954120413 -0.6414437538679416 5.568062597262964
0.7360396033331122 -1.3171903378774377 4.990363408092976
0.5146609069073782 -0.03320590578951932 4.454319600510253
0.5172164040468464 0.06757755193450699 4.502251315878856
0.50828401391 0.039821684229919274 4.466518332758865
0.20055545020659776 0.6034702037352204 5.063204164347991
0.42571188112705044 0.4391512749342139 5.572892170672005
0.5695836921761286 -0.39558252846320974 5.5398881487171625
0.6382840660304758 -1.1198419519303102 5.468130200845542
0.4375533335524072 -0.6322064247682522 5.447658737220863
0.13091078760536884 1.399937816618515 5.023061671100704
0.45426649544615394 0.48920453273025366 5.484117403806046
0.4658253677463259 -0.6326835506731445 4.495230956400983
0.14883041187286566 1.3221130419442462 5.221617708607967
0.17704560511174527 1.3274747760938777 4.68114948913432
0.5018708752719817 0.5204897670708757 4.894024637749436
0.5720393378712548 -1.2767505727797777 4.668169898304214
0.30047606292476914 0.765829927383578 5.5613000145303
0.30921814487890675 1.3806477150812455 5.221747081563885
0.32905662957396886 0.7467781351094205 4.442529719235839
0.2445371465207417 0.2767213183414432 4.9565091303230515
0.5074975078553211 0.28759787799007697 4.6102503804244375
0.7132566009791818 -1.2765658469601193 5.2480633857553824
0.6250824045731449 -1.3464841730934367 4.632695649016504
0.42869652152644533 -0.23561272671755007 4.417647310938276
0.662542887948656 -1.0659269399235525 5.415579015512478
0.6434846665009176 -0.5249884501486288 4.735291664774183
0.30439459458111084 0.4222493232497486 5.540438550991883
0.6030383296789552 -1.3496114983645726 5.361661247438738
0.13782638608742204 1.4774475222392827 4.888925360193054
0.4250061773495312 -0.6390237161714065 4.6440892268941205
0.14787038031895056 1.4237666884542621 4.814386077457907
0.2322776234275869 1.5721995076015123 4.775242231964446
0.6749063411891577 -0.6615707096403884 4.930248093651996
0.6017657593498726 -0.9522151891261901 5.5110547056264805
0.3461585156745031 0.807240925578296 5.539464419785015
0.7126027039935762 -1.0498335471004525 5.0851959987283015
0.5181203259240229 -1.0345682648786636 4.62932085915987
0.16751124151806837 1.7374013712704555 4.993903162685908
0.15056581660562976 1.6686762625053397 5.1180401761885435
0.39957651042865694 0.5825686781234349 4.462965093811439
0.5137111746688532 0.43690261187991286 5.149123417107072
0.6723960557661839 -1.6862406144468214 4.98232522254429
0.22618483785383908 0.530544683954127 4.765074921871111
0.4275550961884725 -0.5392567255162946 5.4558813407878235
0.4583685448046198 -0.7485681253679717 5.413042912750949
0.597768242346799 -1.0552596884796936 5.483328497183988
0.45601335885069194 -0.28611340274328834 5.596439647570268
0.34613649227955723 0.9034178503698067 5.4953903521900145
0.4123097238951402 -0.6725607096713624 5.235853240620151
0.5427969346798194 -1.3137275643030553 5.092989770253352
0.6405512754964693 -1.410692160642229 5.341564297882725
0.24343024628664783 1.401460906940101 5.356702956001479
0.6833436368051677 -1.0821856903715168 4.693814537878938
0.710762089919652 -1.0423818758995425 5.011297629072292
0.6186847093968856 -0.6268102485676668 4.572287500417459
0.4176152507480002 -0.7345105351864931 4.877459623063494
0.2343958787822129 0.7687126763071013 4.591843553565163
0.38382385640793126 0.169567474559277 4.407697562868189
0.42601162800962433 -0.7895607358637897 5.088378581316971
0.31312555503241146 1.0337825540039 4.539679989961385
0.5474867835000402 -1.231259783138476 5.282740808993273
0.36447404177586734 0.09422031249450402 5.556308081926636
0.2550019697049076 0.7230486682001955 4.544180146211408
0.1949769434742305 1.3588214349616612 5.34204707176443
0.6231843247752027 -1.558723891347628 5.09696476265217
0.44934246435137826 -0.27985335831200686 5.5805499936827
0.39773107345011105 0.27808449028911975 4.406037773808842
0.21129462223909934 1.6743584856154974 4.99312296661352
0.46525413815869215 0.486583057577727 5.40905543957054
0.34141600198207467 1.26146156187336 4.8912914875141835
0.34782593984352683 1.1083999330886383 5.334751302324047
0.40444662627305644 -0.1909381807181636 4.462081472456036
0.5189932788307401 0.10332979808400777 5.450339278979274
0.35900638493112036 1.0505476780387415 5.345709402335873
0.5462185430032097 0.2261729044386156 4.899160608753848
0.5504464195795427 -0.40579902067557305 4.463931041275542
0.38499231353730146 1.0646868510103973 5.158615343204932
0.19877715538693963 1.509919419451149 4.7417342133530465
0.22151391342217722 1.5547688036634866 5.231466111608665
0.27848055867042415 0.8633570356020637 5.503803510237382
0.45401449336146216 0.4078585418460072 4.51965297321284
0.47932335324870406 -1.0276228132987155 5.099727120005771
0.6321301563906728 -1.4503556260584558 5.2752796648809515
0.5826744278681373 -0.30997833932766805 4.582114474960363
0.15011312855635972 1.4778821341385475 5.131074953434686
0.7190337558098713 -1.4125280063338488 5.121971894278699
0.45519804034104683 0.6093798191660227 5.332141127689236
0.5781467894783932 -0.035247593915632924 4.7960899025311425
0.35661312666832423 0.3599233313527388 4.429816854634845
0.5661316064700278 -0.41054175293622475 4.500449297601965
0.5910435602046266 -0.2628113250660151 4.655989454343975
0.6591333104356166 -0.6488328967322436 4.8185843327107865
0.4640925120362533 0.6661853738701597 5.166598204638749
0.367066274913462 -0.11260245975239247 5.472164911367021
0.23864102583382754 1.5263083538873135 4.805821012899948
0.6600348054661014 -1.270593919983196 5.3495706956839415
0.2955395581460043 0.44742281701487974 4.518563135014
0.2330710365444294 1.1680143228395221 5.409154599722909
0.4453002876303498 0.7722166706216851 4.884732681517851
0.6912434499413933 -0.9734417418217733 4.840118341267342
0.643238042221568 -1.2433859184401397 5.372246969759065
0.20117263778528371 0.9135275274387968 5.296049333735162
0.28276632109780375 0.4336293149683761 5.4402480950011
0.500195573812148 -1.079012920522187 5.173725530847308
0.20658961130156073 0.9984907254871764 5.344784774534253
0.2574870629929927 1.5256790063237755 4.90259478230901
0.31417887629098584 0.9288809781220162 4.5189013377419185
0.44267216450254154 0.7146794708474631 5.265818691792435
0.7073417201155277 -1.4416993286424353 4.853113693669067
0.4943474455872112 -0.9639195344898703 4.701181488902525
0.3906258466463097 1.0474209412832893 4.988982755215226
0.3571273582204054 0.19508285479745613 5.541365850242671
0.6300453128886452 -0.9128480124123719 5.424929695296502
0.5248622716161321 -1.0739315747993279 4.689428754327278
0.16667361037006054 1.0918838058709062 5.111735121996025
0.6181627268700173 -1.1636001712066226 5.404812762658366
0.5433289315746999 -0.2186789004245946 4.50577707663962
0.6923084491559912 -1.4062239494856559 5.230852798395944
0.46927656568409204 -0.9511582831286489 5.138867997397841
0.6834776806158172 -1.604041130479289 4.958896194369967
0.23958350687544397 0.39265341191520076 4.9326635820874944
0.48428462996462573 -0.9484515082993934 5.26356654188707
0.6426724767108116 -0.6727685543533228 4.696098779857873
0.31670285793338643 1.3032916302345439 4.835921362306729
0.24094815767102537 0.41368112100883714 5.1515496240407375
0.5151897289389361 0.3337998143397689 5.22238066792201
0.5718399726621723 -0.956759242259499 5.4576310060177295
0.22032290258817794 0.9846729909947705 4.63061088495324
0.5567044169054834 -0.8438447222611298 4.511812721536883
0.5045816367255829 -0.6948854601654424 5.4921278689575335
0.624811532325249 -1.4836406252737868 4.8525284488104505
0.7017645212718698 -1.522396969796131 4.9150325885983275
0.5316075820399551 -1.0855315844893636 5.3150680512919095
0.6430224275299123 -0.86915497249392 5.37107092770767
0.27137891465487146 0.8954439264305138 5.463526813129425
0.6740224537026412 -0.7635098817703148 4.929118859670002
0.16045097424522753 1.3844241142164835 5.134385046383397
0.6272861505548472 -0.8744038023485132 4.586632201876746
0.4850300895893882 -0.3512581473834562 5.552861293161872
0.6993502478875436 -1.5394624785402757 5.073849673270415
0.5054512018298609 -1.1091089382990933 4.928838139073707
0.2978934335355101 1.3945834204952878 4.9601261932403915
0.519412277730733 -0.5707195929094127 4.463935160208358
0.2358512765019027 0.9822457654821339 4.596602066254364
0.579536621074201 -0.7196221477144655 4.5093010143827215
0.3067825038100732 0.38078973897626556 4.525995118497389
0.551958052795746 -0.8326021440482103 4.516209017998251
0.6912168075706544 -0.9517355453154801 4.958626083958876
0.47391718088722434 -0.81676576702153 5.338231924490911
0.4412616701988556 -0.7943537637214608 4.856582337005294
0.553374020161963 0.1461820334029813 5.075015135978927
0.16250824714409046 1.5046488546974528 5.075622778797394
0.15806864629457965 1.4219685148395103 4.93853282783787
0.4477913027434167 -0.350122284399073 4.468842810423686
0.4927869190121198 0.508554647236354 5.043859002225166
0.18674554594029208 1.5998810952296747 5.054757354002188
0.4881934474190984 -0.42390858679450316 4.451481351722653
0.46520206040476747 -0.22698823483994102 5.552901346716533
0.3614697959701869 1.09230656642141 5.2084722987309835
0.5270344798351673 -0.9515367596717061 4.605789776116003
0.32269211357665023 -0.11968693959237586 5.1768341867362
0.4247658835186189 0.8558143789651775 5.073887495361635
0.2736614128429826 0.7199178824051495 4.540517285138853
0.4820359285707754 -0.9146919007622563 5.261006383317769
0.1985893058284667 0.857198994463543 4.8165038018994135
0.6399876049040693 -1.1423812920755052 4.636394489407498
0.2581581841396411 0.308443371178448 4.85871561015389
0.5429800854219501 0.0702645074514785 5.303162529614619
0.5543879241908231 -0.39200093848639184 5.483308980073306
0.174100592677765 1.059120252159051 5.067476614542973
0.28551639742086843 1.0533298477504243 5.419994627554349
0.4949955249539053 0.36363783181614284 5.299286909332341
0.2726901780410391 1.0060357950553183 5.430621542692846
0.6167497214812576 -0.3006335870063659 4.943739604386408
0.373102069453794 0.723487052209927 4.529013796025723
0.5981528063227246 -1.1039747664637132 5.389949250045799
0.47894314828362883 0.5578625741954384 4.881847875180121
0.3089140886298245 -0.0637852941428767 4.952730803602435
0.3489311191741226 -0.3118142303757587 5.035995191874145
0.22160750340693533 1.5668455554833849 4.963405626919363
0.31654912112144484 0.3888515260073775 4.510882598458684
0.43785236415355755 0.1443974659934848 4.4415836282812915
0.2097190788535165 1.5811942094925344 5.0246754096303725
0.5767656748883859 -0.29666900758527914 4.608683555376125
0.6026941374694041 -1.2870300828904904 5.288534161499766
0.40684049264051386 0.6327481673270099 5.435688404369294
0.22258011003177092 1.4318852984212 4.760027372490399
0.5215839323347078 -1.011205768997397 5.316310150919671
0.5897997857816147 -0.5014878965912495 4.5747328148410995
0.20923297007625405 0.7118204654875981 4.900539980142231
0.6397856142126344 -0.7477765331559474 5.3140874741939115
0.258446744652513 0.9447971385484908 5.417647902219405
0.34283035227161335 -0.07350610220294418 5.35205797464633
0.34859814644569387 0.5805274378786174 5.509971984858936
0.5180205587905886 -0.19651373540258632 4.48501810609478
0.3437197513383009 1.1046370007562256 5.259498798748395
0.21389035972710096 1.409265935686915 5.239299000839011
0.6954404656989072 -1.2655637142178937 5.141189974481034
0.22499071925022654 0.5949577568487889 4.866440026532985
0.2590960005305363 1.464641891319617 4.91602178502733
0.4823826804777416 -0.796664775834631 5.3540710572901205
0.6560631280656348 -1.0348138652655308 4.68637922839131
0.5962547118142831 -1.2343291842915998 4.693103060737714
0.5413472971359763 0.162118097445616 5.1600279158362365
0.6133481410942349 -1.4478220577802157 4.973391469771158
0.6705666410859639 -1.3698646901305462 5.206393923398975
0.4688656211637774 -0.05728005556679383 4.450666989155121
0.29197307334684675 0.4029170089663183 5.4010711888015095
0.3763578856492805 -0.3338119620057278 5.285225552857464
0.3017352616003221 0.1578182070411298 4.6894061428776865
0.4114619256415402 -0.4549039745523984 4.639326917974083
0.18304867331912614 1.0754530183044264 5.138698890884959
0.20064051661866844 0.7941366596609232 4.99585277083599
0.48882481569196945 -1.0078202750043992 5.036155467359055
0.46477049853738694 0.2771794356148298 5.450809469836912
0.3031162936972342 0.11523313440048 5.271562097042457
0.1813961895158665 1.4690682637415367 5.109302458835962
0.6207277636618497 -1.3489526833042442 5.2305505544909625
0.49321115913836194 -0.9985110902059497 5.143066837281163
0.33037059050514805 -0.14574369559557865 4.845821501719986
0.3690064408997161 0.24187752622467862 5.514163229315634
0.3809210234754052 1.0247620140740352 5.0783002043610495
0.5286017359640611 0.21796393232691136 5.182359960340324
0.5683814588461612 -0.2420769243769243 4.62388610686893
0.38686769623577133 0.7218821303413883 5.410433087076344
0.5737227563892426 -0.23901667234432122 5.338332417168044
0.6814113500184176 -0.9539442638066113 4.9212177413592855
0.26415287085689043 1.1668490906164979 4.6409089380060164
0.68528852925942 -1.2012339797398137 4.829626603204399
0.4696107659865554 0.16628525132046734 5.473688316898714
0.21405661578786167 1.1893537263452867 4.702569394440312
0.5578283895023899 -1.2641278616688283 4.9534237458622234
0.4862023679357056 0.5050617631602496 5.014414660008719
0.4669861366459999 0.028280171001555665 5.5087426702661055
0.32461660523311975 0.3099231208382647 5.446972884284918
0.48521492879015604 0.49792757170193935 5.091692107336759
0.33318781820028753 1.162204431311241 5.191676521584894
0.6682404719880639 -1.1450219627865403 4.751533188817919
0.22546016088867332 1.4266292514383982 4.806453275800772
0.5781355255884651 -0.6583317287391053 4.542762259257092
0.5985751972436404 -1.3869073010698223 4.996829743129874
0.3210470914052094 0.10599483558239475 5.34388778078009
0.22996157037942583 1.0583587258508453 5.329759144271149
0.49336324061694314 0.0962070900504135 4.53990813137556
0.5383636722329582 -1.1905833274991633 5.0329745255974245
0.40279493976554365 0.8485267082558465 5.224714851772704
0.4447845954890467 0.4810799480771224 5.381122126749674
0.22085328935407839 1.2446975571536996 4.7102087145205305
0.6626193564498201 -1.074390928647549 5.251114215289478
0.28177739841460747 0.47976227408742744 4.611308409913083
0.5632685071148595 -0.3031352454704854 4.586945689202647
0.4325956069942434 0.6112993862831719 5.326544445011983
0.22663872812806837 1.488217283824929 4.921055263177271
0.2729709434642961 0.7683149882423401 4.573182269124187
0.33642102537337315 0.16364628846919738 4.55842171850224
0.22737683753145238 0.9219003823440075 5.305404841255274
0.5305734844595511 -0.10109032358199821 5.412260069745495
0.41288823710228517 -0.4473762715943268 5.334231977674312
0.5758735515846157 -0.092626866661079 5.143208631938246
0.44319244818639864 -0.639854660308639 4.688656995509227
0.3683001979913978 -0.3725791125794542 5.071018460568557
0.3168473001810349 1.157220404371472 4.7368379128102704
0.2644763003965074 0.6869902929094862 5.371331716104559
0.2237778973167792 1.2436157822615654 4.714291105357371
0.5289615180995019 -0.7062912204838436 5.445871364149469
0.24110182992005408 0.5067989838199205 5.117695637890581
0.34000384421372826 1.125497053303918 5.1819374335750465
0.44327338291565377 0.706881468745649 5.081807086708627
0.3206485201227924 0.46798321978248225 4.52051787606173
0.5395378138089737 -0.06727927255104937 5.358884975668272
0.6119995473296213 -0.3479610497104648 4.882600814603241
0.22410607691420836 1.1086588596260825 4.688075082218196
0.36478429209874763 0.8858291805702572 4.645885163177249
0.41652024576281943 -0.6352618173185947 4.956711292578139
0.5568155839078395 -0.01235035261451567 4.777887166840179
0.47206662218146633 0.40684817773841075 4.671606538687535
0.4890298584710711 -0.7871704486465714 5.336337487415169
0.6278577204391317 -0.9506470208140918 4.648671280189445
0.3435126339209135 -0.023387945508163366 4.644930547998378
0.44361560294207003 0.704220374967623 5.049470565497098
0.34701863702012814 0.5240061241940737 5.474623092564163
0.6842828827929472 -1.130102491119133 4.912675428613894
0.2534504261035867 0.525699963011208 5.240043094838435
0.667334218204393 -1.4227655423754386 5.05513494726511
0.44583451912343747 0.6869652469117629 4.916512641719474
0.3760670590786208 0.5811895720798166 5.454808059919105
0.5094846488434545 -0.49419327106627464 5.473697790135804
0.5909485534999764 -0.20086232206955357 5.103817118677128
0.6001591000645247 -0.3236848291751302 5.192035783684416
0.29209663919819334 0.970895058556962 5.382545190336994
0.6564761373736216 -0.8369781488430847 5.17496556982623
0.6311503127700641 -0.6654786812116957 4.736519556717678
0.2803946136985132 1.14403176455051 5.313113467466613
0.43748005350661445 -0.5037954906395807 5.365658039429205
0.21561430897832035 1.3796700184953155 4.818408211290622
0.34294009593504987 -0.057780855502575834 5.298219667808711
0.5726737257298481 -0.32569186832847774 5.34812280516189
0.20495419294603812 1.4629751525839607 4.9858434167948715
0.3307903570331271 1.1917188645787054 4.943215568919425
0.370310927927227 -0.2829602265463813 5.235466643350075
0.21069170879056942 1.0600153302023445 4.753141908504242
0.47228574328281175 -0.451253612737621 5.455820417762816
0.6082450147152763 -0.7704442079707747 4.618579800157353
0.2873894266718566 1.3330626881440395 5.039422267010217
0.4631942077618417 -0.7864228555297579 5.199273659408446
0.4383929774591058 0.10825819220090249 5.4927229468896765
0.5765209988945074 -0.38396069738267125 4.623759803948439
0.5569788908742603 -1.2074331113600387 4.892214506047799
0.20475872994705413 1.4451841712989015 4.962556979717741
0.5596161215057498 -0.7148010379012937 4.549371768539
0.444636579634648 -0.6869214268101453 5.210814434468332
0.4462422044509514 -0.45383934725265807 5.406463708159257
0.3790080451362742 0.17010367421636863 5.475823964238949
0.2795528884202381 1.3207723744248892 5.119990219789271
0.21387545322389856 1.4198138613823486 4.890727311928877
0.388054994858272 -0.1913932932649367 5.381924740457087
0.5062503716012834 -0.645017518585199 5.4235653808818896
0.4219226756617353 0.723348058497002 4.764683363029447
0.2914995047239427 0.13255575923299956 4.96734130322359
0.42694856788720326 0.43925757636537277 5.415629368616153
0.43366371378508994 0.6585013998719345 5.224879037856055
0.19272595306043194 1.1745702558940585 5.116640676983004
0.2306355582902727 0.8813124186300101 5.264345820319784
0.3037509084227783 1.2684681321602573 5.05221511423446
0.39196670735715267 0.4943031966860696 4.5209436206628775
0.19803961593267344 1.4028992602114823 5.031797270746364
0.6622918126691113 -0.8758610383471832 5.093811106190836
0.2636061400656929 0.3885569046411703 5.141589520712739
0.44127419607697055 -0.08070285520548537 4.478664756365619
0.3855884969534339 -0.3851285327273035 5.186799675316072
0.6476708506467586 -1.389156777923125 4.935034416651455
0.40922098967107157 -0.503970945860968 4.779383721216147
0.4159401879426309 -0.5317899241635651 5.209225293479811
0.2854528722539116 0.5048252861403322 5.348618670622587
0.6376644915582858 -0.6044130186126551 4.911468778178155
0.45436554708044685 0.13734355105552876 5.4598514845602395
0.4646784263575194 -0.3761397990900295 4.51379097135842
0.2076526728648576 1.284737105050577 5.157225781672119
0.5223405734891413 0.20195795921847726 5.150827835078151
0.666862737078675 -1.1272493409759303 4.830091827455563
0.2200942183050888 0.8480259802612413 4.805116377473921
0.25898678993907626 0.9761534396950422 5.327931323531649
0.3903030273380348 0.24416430081634033 5.4724456357554585
0.22284413336035325 1.2540186003074787 4.77773835624961
0.5358665811752784 -0.14386275458329378 5.365815869918467
0.3682608578762484 0.3849266511518352 4.50358169139286
0.36666627554500203 1.0231328347649615 4.942564053769949
0.29350249228638725 1.1869441894225554 4.758888769332173
0.2661008242378742 0.5980950592944962 5.297403165885469
0.2923988308971153 0.41485526656346483 5.325607153316061
0.32780807257266764 0.7407986399414712 5.406303350085112
0.24632252041192565 0.5603980744868444 5.142083557468263
0.3680944316242027 0.5760182726845917 5.429932995743511
0.2860513072365012 1.2189161155411163 4.777624289081245
0.303656322695423 0.0777088298632127 5.0289931578495874
0.22908993541171413 0.8520907492171337 4.75749846355972
0.5670824088673633 -0.8356473141273324 5.371367110252736
0.4077948742431863 -0.3697682028960001 5.310912848613443
0.3057320944928002 1.2228949663117592 5.092109521207257
0.43987129275461734 -0.6288883932663265 4.761321840106362
0.5475210886628147 -0.09753036476225074 4.6898285617683255
0.31321661483303775 0.5213243056237262 5.4004907928515085
0.26053558236064595 0.5717166830456661 4.724152131145169
0.5123563495312812 -1.001835941859067 4.868746723911313
0.4222095261943437 -0.18831719730600738 5.431636709521397
0.47321017069728755 0.4814513834566636 4.86089912933917
0.28756752412423137 0.19892514595349464 4.980330503657855
0.6250756477833651 -1.301693298117742 4.864741788080594
0.45501428335747796 -0.7666763662346423 5.039476307652402
0.36542044251465444 0.3448898174587347 5.445203916933316
0.5945419080899861 -1.2720245225297984 5.062037343401478
0.4002742965909756 -0.4791757816025717 4.888554440264371
0.23947623102690965 1.1838274221206198 4.747512343352369
0.63382251900326 -1.0987252402994496 5.2289280532923215
0.5632310055571099 -1.1262437380033936 4.793297658068142
0.5857997048983287 -0.5729057840442748 5.335677376983555
0.406155225181054 0.8060181297103863 5.119247846642558
0.4869228215402657 -0.7301050667908102 4.663461505330224
0.6010527109590191 -0.956049814266303 5.305705634382401
0.5998193439772441 -0.47195361527862967 4.735321197618376
0.5923051417645772 -0.32215838174458056 5.152857197532854
0.6272893997801904 -0.8443250565952063 5.249539737377395
0.5309496673923771 -0.019789397982944656 5.287846598294031
0.2614286628565594 1.153332591981708 5.23971617047197
0.22395449128496303 1.348234928188352 5.036389356444837
0.2760551638166156 1.2332353623760506 5.15718282057371
0.4607679688537939 -0.1406376238917253 5.450689236978192
0.5534420287618741 -1.0444369040240786 5.218822609734746
0.5674622195996917 -1.0535562569677248 4.723885613983212
0.23650796462350232 1.3444260576480769 4.945957855945315
0.33546438356956315 -0.059836511511256685 5.138197098378913
0.5962009376816263 -0.6151285080015696 4.664709347038361
0.2650075100610239 1.3114063109179739 5.008519854401854
0.27118054405398484 1.2481522991709726 5.136519191750542
0.41175108669965743 -0.3398684614459304 4.645894650587356
0.4468059249805018 0.33674274964465 5.3648324695287375
0.5030572203412857 -0.7029209355025772 4.619621679063995
0.6171090018920632 -1.2905067357104596 5.000367226117941
0.2379330890540146 0.6626871066441709 4.89685134068997
0.6407505671984087 -0.7316072694632494 4.915620588802532
0.6007593289623312 -0.6272631193930702 5.277416117991861
0.44392503824721125 -0.509844554326673 5.304317382316073
0.2496666356063788 1.2585178029920208 5.138043072641734
0.5387469096793138 -0.33931189079859947 4.577229625787917
0.5523104499037153 -0.22803675888897756 4.658890425074543
0.507217297438628 -0.4216105506263559 4.5370445810485265
0.23148695875809894 0.8635479888229711 4.79470907228786
0.23998876141213055 1.3213685012565768 4.938124696987943
0.2696163531252684 0.49921079307698335 5.2041969295608705
0.5134946634234093 -0.22817700771266392 5.4015915326131845
0.5775016999964212 -0.5371703690792045 5.3243530835113
0.6403079713143406 -0.7622589429977376 4.882073850580731
0.5167561200924551 0.21973247941929097 4.9585634641149845
0.35953581985969457 1.0073888137491949 4.979570811951421
0.2583184730298466 0.555047684347473 4.803362878688512
0.6040779464498074 -0.39369342464095003 5.028523413668051
0.34650184052436017 0.4303962599748221 4.548810295626194
0.5353525257427093 -0.36531303553381056 4.571120349731034
0.5204841716056909 -0.8905923292125741 5.2392484729032285
0.3632324483560172 0.9858994651584241 5.026322040822238
0.6375128794531673 -0.7472353397927467 4.874634139681589
0.48322142706999804 -0.3996450356349235 5.409648415933588
0.5199102047524979 0.0382489319415904 4.691503888691336
0.5072909124363633 -0.9554561057448465 5.043008491636787
0.6481885073509047 -0.8614216730632016 5.052708375020334
0.33972900592925354 -0.07393369941562389 4.842893718496462
0.5107082724694623 -0.9048508519678731 5.181021657591474
0.5670901192900578 -0.21245756595841647 5.194020440679883
0.46092116020682644 -0.3974902029503413 5.386346621316781
0.3266322026521543 0.09584737349452732 5.222864371278058
0.5443995356114112 0.03324153463704205 5.007802496585168
0.5389782970094328 -0.5992455437112332 5.374223489792787
0.554983076854876 -0.47766946568270185 5.3541762941397035
0.456497268956651 0.529985913324019 4.87187587891721
0.2172403571803353 0.960876380824562 5.04437042553592
0.33831092541378494 -0.008942653098365172 5.1886029819301225
0.3661291442072263 -0.230581131602013 4.851190500143178
0.5569994324199576 -1.0029366007641611 4.737180508200978
0.5904644299401554 -1.1821885852563225 4.863338694910412
0.5026791888687632 0.06850497642374886 5.309828460730848
0.5864054563108199 -0.5786795229684079 5.2889472361111
0.6019593896068248 -0.9803716023284874 4.705477147823761
0.550063652074918 -0.7148305350545501 4.605916317971124
0.5132479461995366 0.15401923864711486 4.783744400862529
0.5422104687047334 -0.2805681814080683 5.33268633326025
0.4252937397192353 0.45440534053988024 5.330055759190079
0.36671162220209075 0.19349169375556974 5.3890201555270405
0.46374829193637174 -0.720863949806253 5.132720037396711
0.6356010324716681 -0.7538166026882229 4.894864982421759
0.4985611139716322 -0.026982562127413123 5.358349382054666
0.33464782029218754 0.33355824682842794 5.356176209312644
0.3789783013918706 0.6324222236422621 4.614636550388347
0.36652280282770483 0.10568442691529834 5.364045794841495
0.6090939572009536 -0.48953789482971555 5.06971413849498
0.4137867967701531 -0.03280521164163397 4.54070978921274
0.28175494337748214 0.5883638324598888 4.68353967255446
0.3300760032798189 0.43260254564038103 5.3609700719401125
0.4782117952323723 -0.5542481295927297 4.617212815916823
0.5743793610257988 -0.5802953962387969 4.641313631020852
0.3162343466067444 0.5253578299873469 4.604381563497758
0.3681391978991787 -0.23154474531822045 5.0955398973510775
0.3862848356500573 0.3143912724303859 5.40413852609356
0.49689760875716965 0.16462858863208396 5.251464336724673
0.5397554123803814 -0.7039382011337558 5.336254320394653
0.480740593796761 0.3191006860332255 5.19160865677714
0.44186756273813305 -0.30932717560676504 5.36762971233909
0.5478292319841891 -0.9383048303731769 5.232856779945538
0.5190668326966266 -0.6640244484740805 4.611556827143983
0.3332752012112106 0.3599369814968796 4.598286167016118
0.3307332213180907 0.06757133471327226 5.187660113150655
0.2620539008471632 1.1535954971389555 4.800655933804444
0.25392684331715093 1.2501195446161435 5.0203446643514535
0.5603399197881398 -1.1103299800289357 5.015338325926222
0.5958970410468618 -1.1724634433215158 5.074284600984637
0.48511894536090394 -0.8363006603343481 5.026408851478571
0.4696433661315736 -0.1214040153841478 4.538482835278187
0.5545376134927378 -0.32319456566124893 4.658226563993852
0.4049278493095742 -0.3570658480791875 4.741808199283622
0.415249194312553 0.34067769146789306 4.566151182841389
0.4702457330809526 -0.7677842931368528 5.037431507429609
0.29555770525080816 0.3185135795611429 4.782676613139184
0.5444404933218101 -0.6706772766421536 5.335067484536556
0.6275904461004311 -0.7962461624728225 4.820254165187766
0.27866724136784443 1.0921530854280115 4.76763998282891
0.4657040939629947 -0.668051750770768 4.7631178411806285
0.2793146824083633 0.527649269899273 4.736727683177378
0.44096703044835284 -0.05538860482391916 5.404372006033564
0.4682147936301009 0.2135915836111626 5.3145159303953635
0.3319059820502726 0.9684039398208042 5.188392138291276
0.5907989248103225 -0.9076759780594639 5.246656108810858
0.5209866693144409 -0.9274702561328647 4.823944918038368
0.4529861193034787 -0.6817756525504832 4.93196202834984
0.3176227454355965 0.10594333607153406 4.870305777668643
0.24175413428730974 1.2061768472918768 5.040207852175552
0.6366902771705649 -1.1537757378561095 4.955994908462006
0.6135832941122872 -1.1740395221777409 4.907413364875872
0.6416858379282352 -1.1098457303428386 4.98467959076357
0.5897780636349041 -1.1594645678221978 5.00138117482771
0.4425183961160283 0.5467366051157452 5.116861683192959
0.45040054369915483 0.5201456052218942 4.867272075610363
0.37597598059300397 0.8477874112474182 4.828553980918059
0.522924883791452 0.12301546999643076 4.986955748161515
0.24442886764069133 0.7147612491812936 5.026112405898782
0.43435042978293825 -0.4010278735672006 5.279706518430512
0.5553458349642305 -1.0222395287430799 4.823965054853904
0.2838349685060036 1.0638497526894701 5.176794725508743
0.25510547643925524 0.6075606181742694 5.033655645441337
0.4615576178254865 -0.7124164139495326 4.997748663187502
0.4857246875841724 0.2565700864494671 4.758348653309853
0.3843608698617539 0.10845266572223577 5.367264479625434
0.590031433620841 -0.5116007050000424 5.193584228805939
0.3209531106681454 1.078670152614749 4.983852992343762
0.5149352226373788 -0.0028227532150535417 5.254511794503555
0.45531639904534876 -0.22865226435207142 5.378420551516719
0.26997488176633133 1.1645475623873867 5.0736859520640065
0.5560609362066632 -0.3693371572371844 5.275065107668513
0.5908462935664696 -1.1385210800256211 5.017402199474347
0.6287722188584408 -0.8377929506316031 5.086288224189524
0.5487542001707475 -0.13009818315734956 5.156490343135726
0.4013268222904836 0.3202176836606574 4.567153284096167
0.26018458525659094 0.9532835528290087 4.756173481290419
0.42349171780803446 -0.5203912980280634 4.9903829811874685
0.4181190411907381 -0.061978421776217596 5.370502216694046
0.24808391434612342 1.1789081828042822 4.946146301552565
0.3663286755023723 0.1567211675657907 4.602057504523061
0.3965172691196487 0.0035059517203941404 4.585096601909057
0.34111516971648115 0.25607492390977216 4.634523442648474
0.30721858842222677 0.5672781294066471 4.649375531991504
0.4676817489193727 0.4286493273976766 4.9322033013542725
0.47453530005201666 -0.5781204125885342 5.267681208947471
0.3610864251804805 0.16586988859036378 5.3257214151892605
0.41360461920190594 0.19103648587981148 4.560527016289001
0.5622850459149296 -0.20580764764535142 4.8426520010414755
0.5296035016766556 0.043729235205681505 5.05942672808723
0.43634470950970483 0.20802636950014808 4.58233752719671
0.3683385520737972 0.6043344722282695 4.6274525030601925
0.4495480665244135 0.42336707229741277 4.744464212572834
0.41194730582310857 0.010585683077125818 4.567972717263545
0.5725551611982156 -0.2743928155551949 5.079110302146641
0.5238480811689095 0.08379108624996601 5.041635690161379
0.5483045093950287 -0.7874049291405281 4.678232245140269
0.4050358790133425 0.6117893156382004 5.223380775529879
0.3674749250683462 -0.11967100269910791 4.7724230630554745
0.4143878190219994 0.2176230748333361 5.368417281742214
0.4176951020209421 0.13209768717562165 4.560501219199312
0.5509297377498058 -0.7353096292003076 5.277888512350918
0.44588387851619093 0.03625762419517109 5.371057618941664
0.426399042589716 0.620009485308386 4.893646795884573
0.5171188505709828 -0.9153881144617957 4.986768016690945
0.4968050226196602 -0.41926437951072293 5.342719290426454
0.5394406822300366 -0.018616896221242296 4.950365779484955
0.3393646688943487 -0.014939201066525687 5.008394169798755
0.3471651157695018 0.06936129592341533 5.217291565269427
0.5541327677546446 -1.015425522355101 4.887941933659738
0.5733242577684343 -1.0653736071275715 5.04053676204454
0.4836669466447927 0.2716870128239046 4.8039367555325185
0.39696068156974573 0.7605262885346207 4.977085520655714
0.5253823041246086 -0.0871289255289267 4.711271200050567
0.6079989443490879 -0.628821640121296 4.860192298437193
0.28919605094545053 0.6874959635829665 4.699045570821644
0.2430659787084433 1.0043856667541942 4.8782436731090595
0.42825156879065873 -0.48137110165964403 5.119290037779136
0.37092567867002835 0.8680474844212527 4.9705433960825385
0.2919756728088873 0.46372805945878914 5.180220707947432
0.38270196902507936 -0.21945724144966117 4.800260364072567
0.6200333450110362 -1.0562040110884119 4.903176617434886
0.34131736464930584 0.37167042467758193 4.622766078633395
0.5581484629124043 -1.0195907080248214 5.051038744205427
0.572375680441929 -0.5282281629735106 4.704553173803702
0.6271644928045196 -0.9863660066563158 5.022461270241433
0.5152798615939682 0.10955479136499191 4.872503728738095
0.5399804101327136 -0.45750392162392295 5.301036579715879
0.3710102035146789 -0.10154829733604398 5.191972180579754
0.41935088211103544 -0.4684152921125577 5.007251089933939
0.36877301956738306 0.48559959431113153 4.60597055155906
0.4382945287428208 0.05289250423624958 5.362043503569362
0.49512795033270596 0.23839393150583055 5.047123742520027
0.4967314243314036 0.22918381754724138 4.898368000733679
0.6202396241505276 -0.7437710738087637 4.952227412443278
0.4420237226646969 0.41788736771744217 5.2155110957195605
0.6268821759469329 -0.9942369143894316 4.960881448997436
0.34046581812105264 0.08699723599178055 4.76291963318776
0.6159423296674822 -0.7252013150334726 5.048653214700335
0.48425125229278865 -0.7263519924443398 5.120234041040268
0.5716100785716127 -0.33358470770622595 4.820326824441382
0.2928407479273229 0.34525313696572235 5.0302175703018825
0.4905036286013146 0.1930901834662011 4.773416504063403
0.5147060932381209 -0.7137925676928458 4.698676194313877
0.27225231757299356 0.673152610626679 5.157511701650559
0.49074905057535156 -0.1984947547059699 5.339321064907631
0.2439225327962642 0.90729359517149 5.018143453512389
0.3805011040261671 0.32224123760406265 4.5902797158396345
0.2699717549922568 1.0979951832513022 4.8968842465812
0.3935942203493198 0.7540639830106435 5.019994911019447
0.5577788006006188 -0.580951520727476 4.669001804753565
0.5354964399946289 -0.8027203139610259 5.210863206060852
0.3175980899291763 0.9416947610228097 4.782143679131691
0.3927194554968767 -0.011763653391024587 5.30651114497657
0.28681617939189874 0.43860732675711667 5.0801456042754385
0.542274643814682 -0.13997936352568008 4.7968233707555505
0.4964713895942787 -0.14263729573066786 5.315583749932616
0.5910445388823816 -1.004567440775183 4.839443821394185
0.3037086920925744 0.30608023041594956 5.0922795093670405
0.2544589745010616 1.0713891340248436 4.988743912132411
0.366720584650296 0.8567816755493798 4.931654974263872
0.43567512386979873 0.022662701379872363 4.579345346434659
0.2604271700048622 0.6674425514163285 4.953590331467609
0.40997090702516115 0.09205491135486898 4.584327800281372
0.621672465684988 -0.8912859690641177 4.973359407344983
0.26437344022575154 1.0249594420423929 5.082982183616518
0.2779730097287015 0.7481910881705169 4.756659416968488
0.5413333280876684 -0.38836504787477355 5.267553750347956
0.264800599390932 0.9191913466127826 5.125188187291892
0.38077841584656813 -0.013262515184186752 4.664596158443434
0.29965801713425033 0.6970847538298353 5.232282737749525
0.2797506084361813 1.0713655196611072 5.034011685927485
0.5117597647608649 -0.17469651643097994 5.284071384687449
0.40592328661346094 -0.018738741826188177 5.3200962012206094
0.4904245293156511 0.006591811157717675 5.275224012957247
0.6092151443274342 -0.7969828894348039 5.0890154163772126
0.5770037472955671 -0.5662179391892901 5.192384177910113
0.5172119036194291 0.022939950495989514 4.802179658992428
0.539415477175037 -0.10519217879989551 5.0980089325799005
0.5559884008958492 -0.842149691734579 4.747809151955909
0.41907389498176717 0.6216191160992817 4.930112189192371
0.5488960920712295 -0.6040821073266347 5.25829667626497
0.344407119974151 0.9258649325777735 4.974684604073843
0.6053149431274513 -1.022255930224048 4.950890566162058
0.5983529514949404 -0.9174157374557206 4.822409488345066
0.5360108007586704 -0.5886317758799384 5.267837319987945
0.5478853015769581 -0.959986185842141 4.953421520238006
0.3516850163462726 0.79989662879718 4.763109360668087
0.5670359830513481 -0.6200856647752233 5.220654045215676
0.38919985525657036 0.6624992534102789 4.762542000559982
0.4078368125199114 -0.03683102027959406 4.618202651174681
0.4373723754695736 -0.17633468670040942 4.612746765138281
0.30552352131983057 0.7317156344566436 4.7078755042798335
0.5531668603644724 -0.2871461036145737 5.160692433034384
0.4942062865914508 -0.6213173905273237 5.21857628744883
0.3844466268907685 0.7657287537901278 4.951868970301623
0.42900078779861284 -0.06595130329255028 5.324003940606287
0.4408582647242712 0.5000373559484519 5.020859679612688
0.2604089147491089 0.8513805924006954 4.866148661666117
0.5304396709737726 -0.8822184033132983 5.054356035887176
0.4676603902090309 0.3575290978035044 5.0138735224470965
0.33241022179172874 0.1141295939600977 4.870289031434009
0.42939884972635634 0.5582928007152144 4.9933718590827905
0.31442663337727217 0.7602697426430702 5.217119781880851
0.29645762530151853 0.7562249868095714 5.197431809935434
0.3965333801297689 0.39083478565575014 5.294481263674246
0.4272997204915349 0.515176207452031 4.808892328144599
0.545893364598071 -0.3078246297558116 5.1963996202094895
0.4861285251760125 0.24351761284815776 4.906874254563357
0.5665335039246501 -0.9103963848604311 5.111019765465924
0.49719812413786096 -0.46636616578478773 5.278545587640636
0.5883455017436476 -0.5296717658916554 4.87698521014602
0.5907659803744365 -0.827473923616604 5.124138700672286
0.3142336071818164 0.8834277786355207 4.783927011312539
0.5956286206680561 -0.6730519192831068 5.084651424939582
0.3718295446393249 0.7581682013057311 5.103597167416574
0.5658388687706418 -0.3035131670249227 4.934001426663167
0.34154351333430116 0.8450227999754869 5.120739330503946
0.37603116625106614 0.6341504763187711 4.718871546070428
0.43056809156864473 -0.46893570564269815 4.938275915121666
0.42633973466360786 0.542250446760987 5.060763032564059
0.4333741520102742 -0.23954567469244936 4.65590698854678
0.5830843333137221 -0.47420857609497036 4.897316812604858
0.2807561429592571 0.5778497823999609 5.060427961911796
0.3829838557817917 -0.10995382689555577 5.171105581862076
0.5294458893873523 -0.49268055730624627 4.665900832347733
0.2709034197659563 0.7562451286118232 5.07884146296324
0.5676389221357958 -0.9184413848684443 5.0822682626428985
0.31314538084496313 0.7248713134892335 5.206305965884769
0.4199428634155702 0.32779731617526053 5.271974687952498
0.5161008063844065 -0.5762596541224423 5.244870398038104
0.600644398965442 -0.8084390851354788 4.871092094433646
0.4484615403619284 0.32051427289157886 5.194214626810361
0.4113110889086558 0.17660304612026945 4.612253691860871
0.5712581293676106 -0.5231215893437353 4.772954644792132
0.4958076020549424 -0.03967662593991017 4.683366117536495
0.5964095858981576 -0.7173087484998493 4.854996303780462
0.410616060335495 -0.33785413750983806 5.065684621080566
0.5289753618783667 -0.41178228463873356 5.253341625238485
0.4810482839962737 0.2571353600742845 5.013872615213581
0.38695447939297517 0.32267861468375303 5.294269838226187
0.42347515704182814 -0.22899233317221235 4.6825829159572
0.482586828872659 0.18805823778123276 5.132780640734018
0.3013769560163625 0.9828669652593702 5.008948619908033
0.58208704142157 -0.905640483742653 5.0774713870582175
0.3771716316710794 0.709361703572009 4.806287967990212
0.34641461055067824 0.027018452607855625 4.960594102681238
0.34517007773597574 0.49754741509974654 5.258513151065641
0.2886051484083585 0.6566716575877183 4.788138268901372
0.5181215639908929 0.03098048607643422 4.975764810143425
0.2731132291492847 0.7636283219194802 5.076007095009038
0.2716888904246508 0.7447306576407611 5.055505846465319
0.36876016899400244 0.679331743766356 5.175777698413682
0.2916771927059317 0.6266564587058143 4.78494281537876
0.46914645275133493 0.22741119501850315 4.759090084702261
0.29510980588265523 0.6863921862244902 5.159542675706483
0.3550960282408139 0.8170516404230113 4.863128325528119
0.2948183321657225 0.9009417693044979 5.10316791637201
0.43248979968565626 -0.09591284772777153 5.294113581179387
0.4260606933182426 0.3800360107323857 4.702892175893191
0.46153737011737195 0.22239175771417097 5.2005253576357156
0.2805154333478821 0.5833999489556785 4.930210087189784
0.3748409366626829 0.6693211050247001 4.7646101210995075
0.571122441421684 -0.38170492655420896 4.943887442444835
0.5290082236839997 -0.12752803144209346 5.126617988399046
0.5164632134636264 -0.190350366897871 5.222771958851849
0.37482863407370787 0.7100408635863178 5.111414232836626
0.38224660889629625 0.6234447149409483 5.171927052537586
0.41138121468967637 -0.02206370496475074 5.280051497859086
0.5219506822270514 -0.4256872728199339 4.67051626175432
0.5721149929372095 -0.5606797063922428 4.786014472097496
0.5059410214547313 -0.5365008050779827 5.232714739450416
0.4636547505097776 -0.43938309481526594 5.212013438579399
0.3903360343239901 -0.1950318074609929 4.839631304176643
0.5076738715302277 -0.2587946241888701 4.662148551449205
0.4241394450841834 -0.3811224545341536 4.843688157956313
0.3135002744447429 0.2943436111383675 5.017559045862232
0.5731166165517945 -0.9211050556347913 4.912079981929272
0.4302678760976685 0.2917433771469602 4.673692199505922
0.5276122507885488 -0.17699235328202567 5.164556932151018
0.41182590918884054 0.41673017322302686 4.695131240839233
0.43022882151105385 -0.4237141028417002 5.050563068766327
0.5305333748267078 -0.3310702081971473 4.701914603144071
0.4131282124086949 0.5752166104157408 5.056465792811398
0.4353451486437476 0.4658570398001456 4.862431668450464
0.4609298691612029 0.3151828007927082 5.093794539886771
0.29917590419835394 0.8707292336343802 5.102771749771922
0.5274420419731306 -0.7592139200034058 5.124214811103177
0.40679659494099935 0.44071443756146866 5.220504553645187
0.36225566097141493 0.7972662393360874 4.976871738067683
0.5466204028816507 -0.23871343015741275 5.075236805099614
0.46707318631056394 -0.6059399008847688 4.9823270013258165
0.2910845164307282 0.7226812651895806 5.121632511526709
0.35406274393537274 0.7972099209989172 5.062823761094828
0.5646137286366919 -0.36968118360273117 4.886129757780511
0.4491584851648045 -0.030519515273470743 5.287971711227818
0.28404059098507484 0.7038515470152529 4.840052466306358
0.5340938986558776 -0.10957104264795037 4.941755902762895
0.5650554705425798 -0.39263874068449 5.059776405325277
0.3050274207377688 0.6868396721908101 4.762187387438191
0.48737500833890957 0.05890614769668012 5.183969631544299
0.36753750460343837 0.13584238955575545 4.698732397741297
0.33437137212906637 0.22037447291773837 4.8031523360728094
0.5277576000463048 -0.3518068260661602 4.700671984815576
0.5654432526154178 -0.5056238686790078 5.125297473814269
0.5316137522335054 -0.24283436877477915 4.752680488741258
0.35293441047475893 0.08253535480125596 5.112491549585368
0.4280785129750925 0.488224705326902 5.059575173908195
0.5010163694774716 -0.20934132046357057 5.246277218280106
0.3228702427167785 0.8128133053726883 5.115937020072257
0.5822527270149925 -0.5629130780378651 4.915642197278846
0.29839870062219326 0.5987955195294301 4.8031588869901
0.4081964186645618 -0.30422657368699246 4.946888193396925
0.30904026553284336 0.3600694735954648 4.930722528555986
0.28752579864208333 0.6449340963202066 5.05328364366893
0.3534107372624872 0.6684342800497829 4.74846154886802
0.39643572584843134 0.41915291038035285 4.686397000303208
0.394756854301177 0.05521741673185776 5.24582534677435
0.3241407578214016 0.2522120005213284 4.9021918268120634
0.5057826192105243 0.03750882145007939 4.863719238098472
0.36531482043735347 0.12155374883765147 5.188922704098978
0.3646030748501835 0.7268248202453269 4.844107956675406
0.3137590504728535 0.8274967823853623 4.8297295995017375
0.5227863775832731 -0.22424931351826016 5.173976717974465
0.5725841283814396 -0.6863697588052906 5.095256717232932
0.31005974406752945 0.8799351511528881 5.016718328652647
0.4846326417655693 -0.5361787623348011 4.755340091421482
0.465632414185735 0.28356184059222045 4.894464564076834
0.5093645089153055 -0.6436193861679675 5.136970165921648
0.5568365882857471 -0.35517905500484104 4.879220853557094
0.2833157892780364 0.7257380699010487 4.992000423439866
0.38589759309959426 0.6167286575078577 4.811876280404648
0.41777855783205364 0.11688150188245094 5.262952886664785
0.34882648404419986 0.18771458760217463 4.773977237010084
0.4481239261590023 0.2898882604107271 4.767902387349529
0.3041059510725124 0.8666971391382425 5.018011362327046
0.4061028038414435 0.009666848110302162 4.67171277858054
0.309489371394886 0.525563881117864 5.1126979895829985
0.44736990634298757 -0.47313363524217866 4.900538985442038
0.35686325580842515 0.40112813185628804 5.219946009286583
0.44862478036242137 0.207536496508133 4.713451144148364
0.30954836032608235 0.7649496182357187 5.103134536139197
0.49936667507674637 -0.45120076442299806 5.211950048504276
0.43365597925504934 -0.4013927779590625 4.8888726121899015
0.31292695039600993 0.7712958312548084 5.096702426807509
0.49843910619999954 -0.24453411560520877 5.225833992933709
0.4217827638387033 -0.33500230487825844 4.883651846196681
0.5407047519610124 -0.6615202920160139 4.777563298424822
0.5734596989914776 -0.6969053837049606 4.862500657763618
0.3422470072347516 0.3340157767107441 5.169801841443478
0.43515458194226303 -0.392714903200456 4.867127022060988
0.3925525377014938 0.6285344060237703 4.986569947199287
0.5294263001398898 -0.7276823747083219 5.074274474125723
0.5667789977349659 -0.7422357499838506 5.058211263107473
0.37554144002110296 0.6909750605614393 4.926873500712303
0.5400281212777149 -0.785014753718734 4.998473938296929
0.5083329576430484 -0.007202620164682427 4.88281624767168
0.5592848939770654 -0.5527630505719534 4.812945053521281
0.4730708877527879 -0.18016719494213795 5.2379658545910255
0.47205330049336125 -0.006226337434211304 4.695475674345426
0.34023967492743107 0.7954097338568467 4.929955655675334
0.4217416745951783 0.38552757417523376 4.759973258126542
0.531767832373404 -0.6483579638684007 5.127144956267669
0.5195243891276893 -0.7376477703103057 4.964745421910222
0.32627442218271935 0.759148142547672 5.07735260845738
0.3706807499281042 0.6943319793150677 5.001171797795618
0.31580272017255695 0.5659401133796766 5.115485385310382
0.3871565931944587 0.28618348352855794 4.68174095630676
0.3614653684476729 0.08680459595097689 4.81515237191872
0.43237853623515754 -0.16248071594471813 5.2100567348252795
0.34324102468005774 0.22112485911192348 5.088675532826726
0.4376421698021451 0.013319056969096632 5.238221640865431
0.31138151189190233 0.7063590003165703 5.079154500169446
0.42190841193087014 -0.04524352103656448 5.223616442669847
0.4492961574312185 0.31331054716148676 4.849963571944166
0.3326558602596955 0.7905924947762517 4.990064380755173
0.568617622018517 -0.5490345425226058 4.955258252898326
0.4495618813603692 0.3321949562357571 5.008166909684729
0.4346069499191282 -0.34355762631005526 4.829618607586842
0.4291450263017902 -0.2663976527651868 4.7750779182426815
0.42715449882407597 0.40879307486882466 5.080869263271149
0.32582531913470153 0.6503602376682887 5.116361796363417
0.5232178722400772 -0.46602496714767705 5.167103108222508
0.3225895249708177 0.5552828141908539 4.791015368142375
0.3735655323854434 0.43189597781492006 5.190276784933112
0.5380765702305281 -0.4993155858836311 5.134569578282474
0.5454044704318013 -0.5498142242191535 4.794265907800417
0.325395563426756 0.4733502465697006 5.1115645627553254
0.4246400368906351 -0.057049355233956156 5.216039195812298
0.4272034119554122 0.1175209651690845 4.679688549756742
0.37109278554329905 0.05156570633439328 4.80758798322224
0.5399887943935489 -0.7058645467581424 4.855491432321169
0.5149220267334722 -0.6836299772922896 4.894031345103798
0.4579858740388703 0.2640725757514595 5.0401221416492685
0.5124481571000836 -0.5468208284778915 5.139918451783335
0.34697756613543773 0.46231206735965635 5.163530152116759
0.5603518107723819 -0.5581725420099461 4.867202809761635
0.47953897767705145 0.13859433326649695 5.0325058954870485
0.40740310166649374 0.3199865442363059 5.1915545463785016
0.38074135186925395 0.2359517398711244 4.707044450044704
0.5003515309160231 -0.39956046729045314 5.175252310737472
0.32658725788233584 0.3343612854365223 4.977836260823451
0.35463566972356225 0.7115027267257852 4.956783213059101
0.5588212571188035 -0.7063291123230646 4.974654649622981
0.5146075458695896 -0.21571600250026046 5.125843634767014
0.5137501024378422 -0.6112408989095579 4.8243399131615625
0.37105800474328704 0.5727597275500704 4.796217371681525
0.43595672801537816 0.2652370519407925 4.759294914973835
0.5212212414559763 -0.6504428010767069 4.851083671600282
0.3803603546506473 0.20497548835365054 4.7181854871247255
0.39704444331562005 0.49546328857770394 4.814243809298536
0.4237011296492707 -0.28150162198738693 4.878430495804852
0.4123058312768373 0.4315997636258255 4.820419854157954
0.539862729873045 -0.6503383864592953 5.046239850283003
0.3604784700078281 0.08817513227835239 4.955325888588895
0.4030265508968266 0.10048535104977363 5.19368358779917
0.4529587761758852 -0.2768114150745258 4.742297665357697
0.3809316359498439 0.17347858931508497 5.168512839808541
0.45074524678002426 -0.11031749430149662 4.700279784821682
0.46731123816151754 0.01412249200671667 4.734069314115607
0.43512560167895337 -0.2392827436629137 4.770109548986051
0.38470834371067125 0.5737758390484711 4.876127484056418
0.32839250093195893 0.7215701611339753 4.917383502414265
0.35172595412806895 0.6850036382485425 4.909088024269902
0.43493256356348453 -0.34346429144447743 4.9555864288893146
0.35386019509908934 0.2749520764427267 4.78733568898802
0.4365375081701827 0.27546218879615836 4.787709477031799
0.4996845230958999 -0.3621079510098524 4.744406895763939
0.3531511363594283 0.67887530108209 4.9267633618746505
0.5491316549546873 -0.5697388727157358 4.875100423109756
0.4866713985240865 -0.0787996370396713 4.761128175229018
0.3387100208889476 0.570644670582201 4.811017160100615
0.4902081274297755 0.03810893046406827 5.0052150136652855
0.35415161496281033 0.4452981619280125 5.133356418743972
0.40863039120667327 -0.19467172839803393 4.950297788899683
0.3961907029191244 0.5085865295940906 4.87118535531312
0.4838344161736274 0.020285763699875226 5.0805687548770315
0.3765691463132538 0.052909776187005875 5.065707847845658
0.4448521133338546 0.15415584412594807 5.148131242843067
0.3707720961063352 0.5382484929774378 4.811136003264902
0.5157635202183979 -0.20451038480560446 5.060586376272131
0.41068917230174495 0.054999095757272354 4.7226873612973055
0.39537574993083885 0.5263001740822677 4.947403270822283
0.4586633976297413 0.0259956233833738 4.736216043828808
0.39775341996921687 0.3761910209024615 4.764920009098
0.3995716743812232 0.04067200889309275 5.1476299057577055
0.37381554628957636 0.16658861694475346 4.779556362069246
0.33287917450921384 0.4219003944788007 5.038580730862925
0.46228743287648694 0.19061437454609642 4.898302135360248
0.47525796301068424 -0.33293335104653266 5.141119835526245
0.4188131671042447 -0.22565433856264172 5.003660050159008
0.39910639697331407 0.3821271569872349 4.773127128989255
0.5067991824836222 -0.3418721101821931 5.127672933394245
0.3204823337191614 0.5657100896202247 4.94394009893545
0.42446690186255015 -0.09598212007676077 4.7488512289009375
0.39043743530148434 -0.03805116418545462 5.0413491444728376
0.5371510521611729 -0.6189661864627203 4.94009754598011
0.36635178775151767 0.37639490343506843 4.767040382269547
0.4157437936805565 0.014290991974978962 4.733306948654562
0.5321247817562573 -0.5387749176247452 5.0445336490100345
0.36068447573080875 0.4755169965626296 4.793556112598255
0.4690926024470329 -0.10493248251256104 5.158989249904719
0.49871666969364786 -0.09438722195064386 4.84301719150427
0.4753642960558948 -0.4757402565043929 4.976132594581782
0.43152995220015805 0.022822127648427948 4.725657544381483
0.45603074255661225 -0.3602270242567591 5.054155336495541
0.46746489032251215 0.14553486515062453 4.989239514245111
0.4699530608923962 0.04421796134376521 4.798700687918104
0.39408463657817727 -0.06813571044277311 4.925486709701239
0.35292693318864593 0.2195307502024071 4.950089205817968
0.39921868464249877 0.45673508540586294 5.030044390849932
0.43300761225349826 0.10198183305772579 5.156850858175925
0.36798944943897927 0.5379509329730339 4.8485955521035455
0.36638686135087206 0.5812288571874524 4.909416548239153
0.3683527125597442 0.17489704094153824 5.0665543480100474
0.3810570814056823 0.29440549887047673 4.762459049006401
0.33607355461096583 0.42819152201762467 4.900771813299843
0.4072394267614081 0.3681968804796809 5.083015569091706
0.33970029070222446 0.47896413511681946 5.035804120594468
0.39337622879222317 0.11190867661138482 5.126470494003296
0.44872773115942066 -0.09296971430568979 4.73999937045744
0.3349764789918688 0.4505431264896158 4.987129601622146
0.41812276913356594 -0.04561073339685917 5.128126977176422
0.40138215546115896 0.12887624185628654 4.752879805684575
0.4550596699972649 -0.28959348987497324 5.090955313962635
0.4687027775217023 0.06425848597370942 5.066139127546203
0.41922586992438804 0.2552862691764184 4.779223064273246
0.43897852587342734 0.1803919694943943 4.78982306891114
0.41712879498029043 -0.1689232356697108 4.880706328608058
0.4310834231345343 -0.22628165103273679 4.855807637711095
0.4888151552720965 -0.29958500483708983 5.115241222045986
0.45052705909811663 0.027435092378094605 5.137945832903822
0.43907584682014245 -0.0191724739608663 4.742920848936788
0.34385290667654744 0.4881471897397489 4.865523560768974
0.5314472257797387 -0.42807654800905937 4.937720988758625
0.3429433691671452 0.5518815868097455 4.989794630613044
0.4043278653073045 0.4318492403022205 4.966644638187395
0.46366683240156403 -0.38494471069112546 4.908203572955748
0.4637797768005879 0.0405286883688607 4.8100841864997665
0.42282034878202845 0.23963092659496388 5.093234510624441
0.48284773863389585 -0.4197001897609418 5.017363298427179
0.3664252986981936 0.3810160017319668 4.8265142171481905
0.5212331476064529 -0.44681927440324265 4.918623552710305
0.3576560572779368 0.5200389980190359 4.964543305105826
0.3652808895580525 0.5146984864269819 4.951027040259402
0.39716962249351373 0.34256083088993927 5.07242167126272
0.36999762632560385 0.16982258371190095 4.972149176228804
0.46707345329307093 0.0776511546299985 4.923749489296153
0.4760375002911041 -0.22553803725599808 4.7981817866957055
0.48992737611561593 -0.437874800064034 4.95102633630541
0.41354326675260333 -0.07565904210176866 4.855189898691013
0.3691150211614723 0.4334605835767671 4.868198737926503
0.36981372342402646 0.24200977045188887 5.01993801379355
0.49503869853770166 -0.1987375491846033 4.855968837810875
0.4712646336407283 -0.3227831376105652 5.039201392427483
0.4292699551760396 0.01574140117575462 5.105332819632914
0.3780563846974211 0.40934425819168085 5.023152500574286
0.49636976817092604 -0.15656632102909218 4.939374656040775
0.46231161391257924 -0.05037814124499551 5.081610623849335
0.36243324050710257 0.4359461508521396 4.905866366366974
0.39230682727006916 0.31371576126573775 5.0601548338560045
0.42603476187486106 0.20992263413572365 5.056386843223299
0.38555785612790006 0.33765009407312085 5.049528478704764
0.4751065064094703 -0.002881958451458333 4.950381210983342
0.37894950218829576 0.26061319594158316 5.046096173981567
0.3602811694716002 0.3699779545084394 4.919217196083298
0.5004984726233811 -0.36109629782809005 4.997175355652993
0.4398356719167648 0.1944697394293473 4.911221503216715
0.4969208602647728 -0.22646938962413032 5.001497313497624
0.37146275450974864 0.2577564539234931 4.887120864509571
0.43354130268613955 0.10447676550644713 5.076097419892259
0.44924754158832925 0.13249115101662756 4.9852532676034675
0.4808193910868503 -0.3010793893449608 5.030719849740337
0.47683646549169006 -0.06058458934792932 4.995362974258617
0.49261330525974845 -0.224765267198072 4.8896472460384475
0.39070582880489585 0.24154190862931246 5.043492005662079
0.42201492962099013 -0.09370074573348863 4.979556501000099
0.4613950013854135 -0.10961963161663268 5.05758188773957
0.4342109112231628 -0.002150548035537714 5.066039057377062
0.4814885207464268 -0.19479753254539678 4.869469222303337
0.3945106236758308 0.2870845602620897 4.870861070967401
0.42552526126798934 0.015635051432588476 5.055215690860063
0.4898890685523294 -0.27440000332051984 4.9433348853263395
0.45169627439303833 -0.15030651656454563 5.033077228429182
0.406179238762979 0.03475651315554362 4.8953093586146
0.44981896720884823 -0.06817825180484416 4.835686857030065
0.4561637897339923 -0.20889490313274583 4.883930592716383
0.4280752849482732 -0.06003393375045851 5.019001793676534
0.41353934304590606 0.2516566183921305 4.9051347312493325
0.3850600417558534 0.23090573647771961 4.911771887528401
0.38318000040876476 0.2954972850630244 4.935184904370376
0.4830014754634362 -0.22199261185881358 4.966559285567429
0.41231890552816236 0.0016116913360044727 4.909871026819892
0.446692634720425 -0.1597256875593449 4.963437954686494
0.42979343329628006 0.0016652446842582158 4.87287683623004
0.4241258920294736 0.012994360991450016 4.999046701011184
0.4581489784193233 -0.14341277448187872 4.9457055726650525
0.42513457670675936 0.005192350524092504 4.919872704561692
