mu sigma
2.989594973724052 3.892866326957061
3.0073502421551317 3.901385195622871
2.7776618994996665 3.9917480431423735
3.050464159176954 4.0451576562749505
2.8068279296916776 3.9394649545989653
3.053151995109214 3.9510871224672703
2.797883383169954 4.022800085064876
2.8710565077419687 4.077769155509116
2.899885003431897 4.082772708116666
2.9950309494164937 3.9094076837507776
2.8147923825713868 4.040452648056497
3.053022595561906 4.0182108217799755
2.7963391298773304 3.9875869523575442
2.810566468908615 4.031647954362694
2.95871895608967 4.077578981972691
3.0145893218298725 3.9249140032496195
2.937452894358307 4.079279669696847
2.89364917808428 4.0762271621129225
2.986247812252541 4.068511493560333
2.8169253830701817 3.9463208186453396
3.0236456517264765 4.046700391510105
2.98368978333792 3.9107637195336125
3.0380763662230033 3.9492544578704782
2.8911190150551924 3.9053432399436425
2.8366814347928355 3.9300094786979725
3.0233150847002337 4.0432246674946075
2.8970306136479422 4.073225323407559
2.8675436308546205 4.0638509263323765
2.9635336313882252 3.909206164339924
2.83598615959596 4.044722054258889
3.0458353780500156 3.988326563770274
2.845748931865878 3.9294279389244195
2.9374892888646285 3.9070980253148293
2.8111034484110284 4.000284008306817
2.8425723617284193 3.9330321193498445
2.8364441633432507 3.93819860475533
2.97664496939807 3.916301764771632
2.8614523550492654 3.922867803488331
3.0083062551037 4.04650702031265
2.865958503942368 4.057522514026763
2.988865179548804 4.0562204720410735
2.873540749102577 4.0599099452127785
2.848344651512054 4.046750505307766
2.816200648348109 4.002375868767975
2.9155832295849198 4.067929472586918
3.0345080583122677 4.0094553016141
2.8311148512030195 3.9492597032218972
2.9654850286128287 4.063311797636558
3.0319611598048897 4.014349566741714
3.0072344573765335 3.935966779267728
2.821176436782381 4.013467041483069
2.9893054230791987 4.053842152632892
3.035028383397686 3.97621687370931
2.945144315271092 4.065502668027883
2.852470136514878 3.933618123345444
3.0249309333714676 3.9577629428619376
2.86276064744825 4.0509087854148715
2.9098031082318747 4.064713724071705
2.8188935292107153 3.987997338527856
3.030340491323959 3.970009967429343
2.9986465234481714 4.045803081800119
2.921663148123982 4.065199705770066
2.982736581437521 4.054133183314568
2.974040410291387 3.9215320073898
2.8234217138668996 3.9697733805409143
2.880334668721062 4.0573866764868205
2.998984341019888 3.9342094596392236
2.962435689237087 3.918483193096326
2.8920571043243566 3.9186561857155926
2.8482569019213075 3.939531165956947
2.8555737975760613 4.044629448002635
2.960737783822432 3.9189694576161163
3.014143375603771 4.030457578360753
3.0105153151719337 3.9450548351331816
3.022670804356152 3.960294589727301
3.005403718085721 3.941210488650692
2.838173869198822 4.028172987654359
2.9042599341727127 3.9175842448754343
2.9222567634365886 4.062766628058398
2.9791680665147755 4.052344255173327
2.9973118339408806 4.0426635692238015
2.9595075961665858 4.058317542926714
3.027434501628975 4.003623834051246
2.8257483835182535 4.002737237399876
2.988992922697366 3.9317877304158886
2.9261979777374965 3.916958854700651
2.9246878358588555 4.061651834702965
2.8405839932036043 3.950349465041773
3.0281198454144467 3.9806836787783184
3.0102778895848155 4.031019973133635
3.0052931969676524 4.0353814489241895
2.834934190543023 3.9579100803505334
2.9617293689048445 3.92161946100141
3.016634627709156 4.022963094899731
2.964763358378436 4.0559526920850475
3.013473597947138 3.95214605366374
2.9724200484531544 3.925220568391124
2.8645735595076847 4.046228883312787
3.027949364121425 3.984708740611688
2.9972290384857647 3.93808191000718
2.9170246796657526 4.060453752364629
2.828546359883836 4.005350691252954
2.9034207599470534 4.05847691323912
2.9833433447586533 3.9307806549564814
2.9725115055726112 3.9262098984655385
2.853809107796974 4.037854184378799
2.9826391995259867 4.0478455770205635
2.85083966328027 3.943363686016218
3.0252911677524392 3.9786123574550354
2.99500063696241 3.9379641426526026
2.8923682679399434 4.055237542473815
2.8304640933925964 3.9718877373696206
2.952883541411966 4.057003464336222
3.023448195273695 3.9750795896084186
2.9465648170301613 3.9208177259534738
3.011938802058335 3.9544353396162326
3.015666992891547 4.018879931620783
2.9345714872944866 3.919946068980223
2.853812695602569 4.035708335067254
2.835935886829225 3.963428943182471
2.9596265057850553 3.9241415954840737
2.837791369617431 3.960761025349875
2.829577380871263 3.9964955577394425
2.8300432353121017 3.979786975023022
3.0031500911559146 3.9469694716090666
2.8317743235299346 3.974656555227738
2.839379308294291 3.9593423798501033
2.9177060965454515 3.920926153809488
2.9424276097900712 4.0568200135972905
2.930633081063115 3.920841068712936
2.8419799719229246 4.0224282158051885
2.9244754112003317 3.9208273109275877
2.8607087310390766 3.9393384978548576
2.8910291504746386 3.925806441388046
2.833248145070688 3.9726338135377417
2.9035838363731097 3.923090903798615
2.8827192490404707 4.0496099726297885
3.020722531195797 4.0028224911860875
2.8401407461401234 3.9599216538290287
2.91069706119817 4.0560857218362765
3.01396610874058 4.017080408928374
2.966642457848564 3.9277330571466997
2.9684970812672926 3.9286168524179415
2.9497375413207205 3.9237626566243557
3.0091528195430977 4.023019010958746
3.0017478697767452 4.030440445045297
2.9873117662966746 4.04091369940803
3.020379316163206 4.000102907405677
2.869013844198097 3.935902425097706
2.9446547845157776 3.923356745053429
2.87532548141024 3.932902428304534
2.95699043833719 4.052555244214413
2.8909189400870314 4.051096880440681
2.9566466451646605 3.9257936612393287
2.9828112624432963 4.042738109794119
2.9849648017630703 3.93706224743683
2.977814764560362 4.044931966704672
3.0080353131287216 4.022488866604788
2.8811165108879466 3.93108201884629
2.981015096647117 4.04320555727528
2.993717334028501 4.035496879216696
2.989042950907667 3.9399407280243604
2.964335187250037 4.049683369471126
3.018284276947546 4.001548046380744
2.9185014798815065 4.054764845214133
2.9415572199634337 4.054051486673895
2.849301963366938 4.025467301704538
2.992213748209327 3.9432336012876776
3.013975494007961 3.9684717069719775
2.8451878166966393 4.019684179797645
2.9208527585601614 4.054123581172332
3.0021956216847947 3.9520058173296655
2.8708086216056006 4.040845691915381
2.839226036575199 3.9691604452180598
3.0158201328309495 4.004684331079453
2.854189708867711 3.949461919814554
2.8991496162747423 4.050827454475299
2.9979933605143874 4.029677947577666
2.883170842011337 4.045903225185746
2.9245809650209154 4.053576014918439
3.017470294224578 3.995061500000168
3.013907775229459 3.970543640112264
3.009202494348368 3.9620749555954045
2.923980173098858 3.9248125290068625
2.9677176559720033 4.046403317529769
2.8364243600494135 3.9821012565650573
2.8360332345188404 3.9920613986923943
3.0102859493184013 4.013800606832794
3.0170251285920404 3.991216539829644
2.8364686161569113 3.9871306138327274
2.921298149437603 4.052751645042571
2.924030302037376 3.9253393585130585
2.90310923910453 4.050598678739974
2.850129214677901 4.022857648675208
2.871365611478982 3.9388249972721017
2.9459227622348196 3.926853660559373
2.962156336218108 4.047587655699502
3.0114704213047636 4.010314126242023
2.968981601667786 4.045190761221823
2.9654250830828195 4.046442902243836
2.98992847450209 4.034290251843411
2.9734431970703756 4.043296955093121
2.9603933843883947 3.9302854761586206
2.993940245887302 4.031109289293499
3.0161124799535215 3.993794156365432
3.014570744062896 3.977398957230544
2.847309639227047 3.959898615457072
3.0151674485667166 3.980698482613976
2.97270026058416 4.043198282201426
2.90992410160711 3.9270557336706116
2.9155945839337205 3.926480503291199
2.963432805500703 3.93167521802715
2.96631294518049 4.045501765084506
2.9380341901142737 4.051511955784086
3.005035090972138 3.9594852713587736
2.8944387885862666 3.930452981651472
2.899603135434761 4.04887656459702
2.934166420281475 4.051568025955091
3.011521355716595 3.9710160474307035
2.842059790886256 3.9703929210050832
2.840796468800858 4.003821801773798
2.910201525564019 3.927696936289531
2.874397099231068 3.9389484938336317
3.006093927615539 4.015869947077751
2.856082618687807 3.9520442725361855
2.8447246310263177 3.9665981430839556
2.8481908076827147 3.96110228203981
3.000951951115103 3.9559513266286648
2.861455963140373 4.030808545469415
2.8480614717031734 4.016855777846642
3.0117191794832108 3.974073530559613
2.8885909355340424 3.9333792616182484
2.9940222407707067 4.028486311873145
2.887616275719464 3.9337535214895913
2.992902831220686 3.9490905768340494
2.9350061282668545 4.05032169452836
2.8469884622991275 3.9643554002286656
2.841298410955887 4.00099140627334
2.9248783250686117 4.05049181793876
3.013504547802353 3.9863896995279555
2.928631773083787 4.05038166336068
2.8664913252694255 4.033340630961124
2.9686627974568998 4.0427541581232
2.9709511334492786 3.9362883461739893
2.915739577074191 3.9281358332706455
3.0128644062467274 3.98245287738714
2.865388008702329 4.032409308052692
3.008468046613073 4.009260446205175
2.840036910238098 3.9898016899695334
3.011327955100356 3.976808312283878
2.9654449371127405 3.9344470991803115
2.857486579653509 4.025708598318634
2.8746114186201632 3.9403439441635553
2.9507901639085987 4.047601831259494
3.010084091780866 4.004395790810743
3.0117096518187854 3.9986703391402934
2.988097477266134 3.946405958520597
3.0123161464233084 3.9949722194357262
3.004141546934629 4.015571567676374
2.8963432593825704 4.045872725229332
3.012538581507644 3.990658055768582
2.913465391497132 4.049020288156036
2.896776684512663 3.932146684924387
2.9816351994308525 3.9425438460499347
2.9879752978922776 3.9467455707488464
3.0001188458227253 3.9579215004940416
2.9298175528460746 4.049531238579011
2.949868768526473 3.930876342345049
2.922229287386527 4.0492913429900215
2.9620142134642133 4.0439388386117185
2.860036485536249 4.026778965432988
2.988743644379367 4.030423869426355
2.9881911386150692 4.030823809625823
2.9312427540470978 4.049178420417207
2.841496952768633 3.9891857452653365
2.8700533014424012 3.9440926935020473
2.884180081053679 3.936941059793546
2.9432053435302628 4.047851905128284
2.903187669817347 4.046583024270759
2.9369541316667496 3.9294895969053054
2.922082111883391 4.048674576335402
2.851189186812171 3.962116499457494
2.843618828238041 4.000294055599065
2.9970172334760887 3.9560913409814855
2.9756856137040666 3.9404835645166862
2.8673544120242385 3.9466159305939037
2.9153371384026125 3.9298908131742403
2.895339492886764 3.933656445054936
2.8688648592577977 4.032347268405082
2.863162814849211 4.028156764387473
2.956077029811066 3.9332553067808815
2.9854384500028983 3.9467955832520705
2.862796256800537 3.950712748752793
3.0102593559701973 3.9923284635867726
2.9721448399822368 4.038550382745968
2.9738490655129155 3.9402435111658742
3.0094960740847334 3.9966783154893126
2.9086872860731248 3.931267551490634
3.008767976854151 3.978533170537344
2.8680162964183413 4.030887628453001
2.999047713952115 3.9599619648209767
3.001531368742833 4.014795784419208
2.9440908323627637 4.046520006870548
2.958479179861839 4.043307653023671
2.948927975277077 3.932327299401267
2.844360907093667 3.996607851488389
2.8831219118757634 4.038852668566918
2.8508330729141647 4.012711048977001
3.009167732231221 3.994109032889896
2.927038814364362 4.0474895354663545
2.929620770306618 3.930550045518025
2.9427475562326313 4.0461949700859545
2.9008411125810056 4.044391243895539
2.9293654680892023 3.930606195398718
2.9713174678345133 4.038033375464378
3.000979600201114 4.014242339450014
2.9435249558105254 3.931971621284382
2.9404914442979657 4.046217275908505
2.952131713960302 3.9336926505421026
2.9420427504024995 4.045984338988339
2.954581258560106 3.9343782931327755
2.851941032763809 4.012787005228894
2.8473467465320033 4.003350945730037
2.9083698625375725 3.9325284630083317
2.954699374819197 4.043263249414625
2.8549198628020838 3.961263979003627
2.9206866237478364 3.9312813920800673
3.0001662187367595 4.014070200367454
2.982408919672271 4.031060610565014
2.8453681099177084 3.9843838740862907
2.944921882696722 4.045077068778255
2.956056791776895 4.042636920762881
2.999164948720197 3.9628537421540946
3.0079433078216704 3.9920577666975934
3.006370662826039 4.000653942402686
2.928502908729664 3.9314394949866
2.8618743055429614 3.9542715193296165
2.849886621765854 4.007397303540859
2.9958518883384864 4.018769549652513
3.0049095060602338 4.00319580422296
2.8638798062528013 4.024918136027667
2.9957648033456925 3.9594991612298793
3.002164052889008 4.009149645942782
2.8699421362391466 3.9484258116578674
2.9243029961734246 4.045810047595013
2.9835569039652294 4.029222587513124
2.9440102045941243 3.9334149298332974
2.9339976941288204 4.045431573051841
2.98150495129397 3.947818544548042
2.915328865780949 3.932935803326053
3.0007678967053555 4.009959669322729
2.9382974797307257 4.0447310752215175
2.960303009541735 3.9377550894697273
2.8617712723791704 3.956142824803117
3.0026382287869495 3.9720150235994516
3.0009816109335428 4.009203845471407
2.8887519748334882 3.939382697903678
3.00428387752206 4.001455507023901
3.00600265475728 3.985244795629625
2.9957027870732706 3.961164479763494
2.855770071710227 4.01435922928756
2.8902575726915436 3.9389872413271485
2.9889779764834756 3.954166152610274
2.9628447792266597 3.9389331446937885
3.0048844874108114 3.97953400930109
2.971181394350892 4.035354949020011
2.9405481319586757 3.933828685931501
2.9487203684578014 3.935314103610456
2.962653578751722 3.939329920418041
2.9111511274346027 4.043487384748696
2.8844784295138353 3.941930631704667
3.00494833152007 3.983789868235318
2.884204654803841 3.942124630152046
2.8612845113982277 3.9581289837976463
2.930592858427908 3.933398859093714
2.9130135164515454 4.043480359951445
2.9713865196413636 3.943363828963539
2.860815149189573 3.9588247564389474
2.8488156385353975 3.995502510059346
3.000130108758898 3.969826946600474
2.879396008065436 4.033069906284192
2.989180652495688 4.022263020405843
2.8538569025664815 4.009389828640655
2.884459374548491 3.9422725283611015
2.8897393411375325 3.9401636500479063
2.93334771344283 3.9337955009718115
2.9507603979696486 4.041415219601383
2.8826697173776354 4.034559515627808
2.9180255135297344 3.9339588993036094
3.0024339184404334 4.001789198892405
2.902017554796422 4.041127793790144
2.86016770714933 4.017638128813209
2.8488949758841504 3.9862592501842355
2.849014475025685 3.991229990369364
3.0022219114148787 4.0016013444289875
2.9842659219667667 3.9521217440761216
2.999852459667799 4.007166988560217
2.8720787509005756 4.027887141352107
3.004051814580403 3.9861338361089045
2.8647089317654673 4.0217588202287775
2.868315440932184 3.952990673377067
2.9484973860050667 4.041310926165738
2.9905038353957067 4.019753954068231
2.9167403033979755 3.9346333119281205
2.8899754047729926 3.940779536035925
2.852001714877746 3.9749127843702206
2.8949090856479964 3.939129389797067
2.9925006490547905 4.017353632719894
2.852611607522922 3.9738913442031087
2.89522661180177 4.038530496781651
2.8538549383193863 3.971298925683481
2.8621975294041584 4.018636418085748
2.955350895347624 4.039299818977627
2.852019066590147 4.00191683698619
2.8577404309583017 3.9650020696519004
2.886528269329697 3.9426166552308377
2.874197526769934 4.028433406123185
2.8503970427406697 3.98339197007582
2.8501495114079933 3.9924020038485035
2.943613446907962 3.9360668367332172
2.956307401321519 4.038728044066186
2.986625960991055 4.0224763075323295
2.8527982010674835 3.9750196475288333
2.9488922641609268 3.9371745409213985
2.9575088424459155 3.939478509503326
2.9595460040534305 4.037519441876338
2.9535993448105575 4.039208074936411
2.9116723193194076 3.9360309966292277
2.9332461753128136 4.042378739724322
2.9025267716396153 3.937875508950057
2.8522049134425025 3.9994734044874556
2.8847615833061133 3.94416249298063
3.0007134375082534 4.0002895485191505
2.969507506565671 4.033013355525143
2.99896250684764 4.0047421928914995
2.884924624766382 3.9442391393233853
2.984156070463481 3.954193311020231
2.8948679970380438 4.037325241570751
2.9201160753989344 4.042036555337767
2.9133962341544954 3.936268191449126
2.999075898711573 4.003824461913345
2.8519616874245832 3.996334855501463
3.0019560730909203 3.991080553495924
2.9527641124846693 3.9389174587738394
2.9944979009341655 3.9659518373975824
2.941581999732624 4.0409228853206605
2.9982270755643015 4.005071906494557
2.852475029423396 3.9973917392243257
2.8533315609076237 3.9775611030023414
2.9597618094085165 4.036433928748901
2.8623319758483845 4.016003497761058
2.9966623723209977 4.00764624576723
2.853356562708867 3.9996469235027057
2.8678775870178534 4.021641317321286
2.856439127486174 4.006939592055054
2.85916261339156 3.966449499374203
2.9079610422414697 3.937759270854988
2.950454959849819 3.938949439301359
2.8535640172842616 3.9985592382308486
2.9614914201237834 3.942421097301332
2.903189081019968 3.9390031464773214
2.8527855012081806 3.9941425812483473
3.000841551948677 3.9884358141130694
2.853234772861977 3.996521192482812
2.976113111959304 3.9498125167927207
2.9075660223768183 3.9382106517583466
2.997916135463922 4.00298732244129
2.990659386630559 4.015130619219835
2.8786098064125065 3.9490772324643686
2.9095287091962008 4.039654418226725
2.9850394581959288 4.020907516328449
2.998059763160726 3.9755121036325924
2.8935116286826768 4.035491460897369
2.886480641360712 3.9450398055933706
2.9259736322337586 3.936680383695296
2.8720375662685096 4.023824415202217
2.9713272526797985 3.9474473036688513
2.9257998294201686 4.040842091310216
2.9545993448221144 3.940654696452307
2.876046817507512 4.0265963813775985
2.8532188290350646 3.987547325644056
2.91658650106592 4.04018025108495
2.9994956949126195 3.9932967889770774
2.9657095002177227 4.032462663579367
2.9796574540592458 3.953316762781966
2.9996597503636924 3.9897824263879142
2.8631247539804523 4.0143483356324925
2.935563968866422 4.04001948831705
2.9218734720745694 4.0402475361437595
2.9082794574238537 4.038670754693097
2.8694018005654423 3.956932789509957
2.9969614422189386 3.9754591145786646
2.871708156684033 4.022647863516295
2.999039212556505 3.983668921731021
2.9561803152543416 3.9417649214440926
2.8539651778591155 3.9886554571193376
2.936830945782943 3.9379063607706746
2.950719253953957 4.037254527659679
2.998718776950613 3.995103784728066
2.9835305115323996 4.0207238394646465
2.8541736480607893 3.9916215800184136
2.996212845999983 4.003260600835432
2.997826521037096 3.9792801882695734
2.8777229423874293 3.9510226219086397
2.9637258920041134 4.032802175309753
2.872909615784608 3.95462808914168
2.9812618621282443 4.022293948489322
2.9939927190839812 3.970350496216222
2.9189984676759106 4.039566855124539
2.8550355621476733 3.9823659097449227
2.877243614558833 3.9516102689231976
2.868037802262693 3.959260192435049
2.9897027961907354 3.964339969199446
2.859780891964335 4.007607810981256
2.9735167889050773 4.027311574939159
2.8631329664744722 4.012511258276813
2.8990318315420542 3.941918993849743
2.935716735061689 4.039077521812174
2.866516556532861 3.9612126432512724
2.954242950059463 4.0354361333879964
2.8814223786815543 3.9496612757702807
2.8625482638493285 4.011172245381719
2.8941183251210694 3.943845390006345
2.934938277062696 3.938658137184399
2.9977471824201825 3.992108941808877
2.9632462329958043 3.9455599813371753
2.905041255280523 4.036754414076965
2.9939774412053892 3.9724340335680135
2.994304883373677 3.973157909152647
2.8784681668743204 4.025859228097375
2.9561780786656877 4.0345615450557
2.855506435862716 3.987601908292377
2.9937959221218264 4.005471538938954
2.9688737418892774 3.948328890301979
2.9236636194247563 4.0389231734709865
2.8791310739375273 3.951520964111972
2.8587143630152014 3.974331749757539
2.997442247662133 3.9918092027343883
2.9960516753077835 3.9786106324291537
2.941154731806086 4.037800825316064
2.8943090356197585 3.944198472412
2.9411212731673144 3.9397468405696325
2.900295013634423 3.9423676610918506
2.966604842509402 3.9475884824075678
2.9019569411276254 4.035335756684781
2.868361314269883 3.9609816347512714
2.8893865764716784 3.946620816719823
2.863921962925848 4.011213298585624
2.986803496603849 3.9632866373816773
2.9057911910829293 3.941414055459257
2.9765651358523124 3.9539937949193895
2.880517480416085 3.951468458131581
2.8613983968874033 4.006835772236874
2.900182353518834 3.9429556002681343
2.896134314842903 3.9443262789160105
2.9949537000848734 3.9786044952753405
2.9712415321694032 3.950783032682957
2.9959449883134823 3.994810575851872
2.963382968243959 4.030725476990927
2.988063591914348 4.012219216110935
2.8723488241026987 3.957808252081307
2.898357493992702 3.9436685631325767
2.99567876177257 3.981897002081393
2.9470232466791524 3.94162627348283
2.8776325682152213 3.953774192143407
2.867849146894078 4.01521237179625
2.938870766850875 4.037177576458299
2.9792211779246474 4.02096338061937
2.906880310166104 3.9416146980385074
2.907194022260608 3.9415584328905693
2.914905685794067 4.037152035336387
2.886376468347788 3.948724420280703
2.857533951776322 3.983907458100714
2.8950455969397177 3.945021600968327
2.948439139738664 3.942144682382911
2.8594079715677276 3.9769513335034947
2.931485663173179 4.037595860054793
2.9212985305486945 4.037520877309318
2.9231668024027373 4.037572088896582
2.85880317852272 3.9978326352744316
2.861551161509148 3.972560983534861
2.8836889587540693 4.026951448525929
2.8589763582885768 3.998363578243814
2.857861466124536 3.9924597623742515
2.857817113655142 3.985977932812074
2.9062172448807098 3.942167224845374
2.8582529156644663 3.9945370671174167
2.9180205124430123 3.940478009256697
2.8932105861720867 3.946327814796112
2.8663311237787332 3.965666378495526
2.93234953283633 4.037008221488437
2.861963584777352 3.972767446633419
2.994841958835807 3.992955685591494
2.981990615586912 3.960335723935848
2.9810315900648487 3.9595139401769446
2.8639187817516802 4.007960329638393
2.861958832027839 4.004351204500338
2.904650087607024 3.9429922920741047
2.9914474096759154 4.003902015220458
2.862996573611885 3.971489180644479
2.8918105381322396 3.9473179925445656
2.994732570315942 3.990009358582755
2.9339330517520326 3.9408707405141303
2.872635846032631 3.959504859862823
2.9465086242483842 3.9427256334697502
2.955078975670464 3.9450945376926927
2.962041214522471 3.9478161157661544
2.9545677834739377 4.0323627833664295
2.9025729801010964 4.033473567866599
2.9337426651783676 3.941090603292297
2.893478825424993 3.9469851131569573
2.860389656617458 3.9984673287053774
2.9885032474356663 3.969514038221205
2.94732370866289 4.034194108756801
2.994006614732215 3.9924898137808453
2.926565233186629 3.9409401186003628
2.9379888243989107 3.941670188465985
2.992905789150334 3.980154846939291
2.956760726095197 4.031293762930364
2.987172209349132 4.0095880959099315
2.8657097941099385 3.968546277355388
2.8822802094110846 4.024431614735531
2.8675584525327102 3.9661483315685473
2.9852546570015255 4.011829666996842
2.8711140327215645 4.015311894289592
2.992432360691986 3.9978225213737124
2.993084176401772 3.9826262012062124
2.8699312884555956 4.0139655699923225
2.865019041860694 3.970342098508703
2.8888977252087438 4.027772998543975
2.860077146486761 3.987024038102706
2.861406119062619 3.979335735063316
2.9931223944384575 3.9902445842700613
2.9549891158571926 3.9461707443294824
2.9712303525182966 3.9538561891703448
2.9699228902028194 4.024400238408383
2.9930998818992482 3.9877223090655387
2.9844479052469546 3.965792670049235
2.8613625513917693 3.99696521160113
2.877739409387363 4.020325749852123
2.863116418416663 4.0018663907098215
2.873275300714237 3.9611169547631047
2.8610019031685825 3.9831126113459474
2.867351424914106 4.00945152341294
2.861010841204495 3.9943265653312894
2.915665756617954 3.9425967266027246
2.98325080196367 3.9646754659994032
2.9896746263799736 3.9748012661585506
2.8727320465525548 3.9618431924499307
2.864984264096571 3.9721565386031976
2.9747870802048024 3.956838664999847
2.896626120313913 4.030208077282156
2.9103492880893542 3.943501947844547
2.9464696266734767 4.033129932060281
2.860821806193826 3.986859497771809
2.8984041942122083 4.030757747753907
2.8616259083295006 3.981355187433137
2.9051925525661284 3.944679154621763
2.8609476964002933 3.9864974757082563
2.904600451043611 3.9448719143968227
2.869597329510751 4.011753616671064
2.8945205176070257 4.0291697058428495
2.871778867265774 3.9633272530942536
2.9046841802034846 3.9450138537698543
2.973957335887972 3.9566618153257127
2.863668348224018 4.00156321287677
2.98863023595698 4.0037572270718025
2.9919492365487264 3.9919374116623327
2.983150751930422 3.965373081482073
2.881309911124398 4.022074160372557
2.8720742389659213 4.014208452788571
2.9777075086352855 3.959873980090019
2.901780307123598 3.9459610166475776
2.9796189510406874 4.015723303766933
2.9443445350980464 3.9442238806483276
2.869573724242546 4.011153537697821
2.8663557422750356 4.006397205165857
2.8640079525654882 4.001686928637352
2.9330675751788036 4.034576513899994
2.9729028389859367 4.021213433371118
2.8614966664921178 3.9871257069083343
2.950156011074828 3.945709291342272
2.981394341512582 3.9638703462121843
2.905829497605126 4.032259602043655
2.9903213384197302 3.997991574523755
2.927378978441749 4.034622367862029
2.9727233300177716 4.0210698305242865
2.9367954101635405 3.9433210236436977
2.9113270934202977 3.9440592827248695
2.9766702748417213 4.01790921707182
2.9810438739415837 3.9637746205567694
2.925086943488976 3.942825565179321
2.862453257867066 3.982305416239591
2.927516424435038 4.034479148299742
2.9648062246016567 3.9517311488395315
2.9912924394907243 3.9906532545487554
2.8778385980304164 3.9586781666411444
2.903500110532863 3.945952552169028
2.876218715715604 4.017329965014098
2.879224639339352 4.019774483471859
2.862037009004656 3.9879336429532506
2.8657946812381727 3.9736513860356
2.8638751380816103 3.978336789594035
2.883179918372939 4.022356074455077
2.910916932355067 3.944458712398035
2.8724243055990852 4.013334284444985
2.9814231321138784 4.012672667972044
2.8750404060064447 4.0159392395847355
2.975719901336828 3.9592552136086754
2.8650004010712333 4.001833806347874
2.8862254759615196 4.024104626484793
2.8721131433139133 4.012836661412535
2.987947663375328 3.9753776980702726
2.9521232345980386 3.9470379253607852
2.9791268610358816 4.014776697263376
2.9606331920192597 4.027086295993393
2.904745421211106 3.9461003906413215
2.8826972519089207 4.021614507814809
2.9875585713825763 4.002621546209601
2.891005767543934 4.026245231231266
2.8958313975952317 3.9490262108745355
2.865729819197497 4.002444680096749
2.975636777041074 3.9596682435825015
2.8638582536150112 3.980244378223748
2.9245696421318383 4.033796132395561
2.8901789512677563 4.025712125106295
2.9288570151944526 3.9435699562779156
2.863456197376011 3.9948895371340516
2.9732388054093213 3.957903821625759
2.8740410393506943 4.014194154692925
2.9354795677959675 3.9440508968619192
2.923962645827058 3.943692026930066
2.91703377542892 3.944194696560591
2.929821523521227 4.03354668071355
2.9658670885736806 3.9533502598865873
2.8934355083952177 4.026916168854273
2.9491200639633925 4.030570508145568
2.867273306142825 3.9730458393512906
2.869860151789153 3.9688662703622617
2.8644491234763443 3.980334474917071
2.98988237992954 3.987175205993552
2.9648077181092436 4.024229212924962
2.9841681453681934 4.007087175919251
2.921146219808071 4.033002621735658
2.87151334691887 4.010219952753922
2.8637799390923355 3.9911769867332643
2.970513917851326 3.9567575432018547
2.8675021405816845 4.003881318887163
2.93413407538699 4.032799109257773
2.925662968178047 4.033069841367624
2.988856485191108 3.9949407656580176
2.8652066573404418 3.997811407617604
2.93817560955877 3.9450369638840463
2.863975495843804 3.988407009189091
2.87579123559178 3.962794169815398
2.9540076329403098 4.028489452541851
2.971765184903953 3.9579605933900766
2.8824962849235263 4.020084426356379
2.865125411328351 3.9969636836988935
2.988190880017995 3.9966868289316855
2.8825001944676734 4.0200313307579005
2.9810659998268543 3.9668811552207606
2.948766082778885 3.9473098746091853
2.9293297833150795 3.9444920051150465
2.9071126974157293 4.030578630131982
2.988333018556194 3.981902377502086
2.9553538845374137 4.027797428699781
2.930543119089934 4.032634468274086
2.9684908150335394 4.021339485555878
2.9258759871669016 4.032691422407741
2.9497038189689784 4.029535730570547
2.9797910454828074 3.965834649298568
2.938071526444917 3.945392782926037
2.8785967593410895 4.016585951493536
2.97835466198638 3.9643113501888587
2.9848286829190043 3.973307661280008
2.910478564002628 4.031031297835964
2.981854942606124 4.008765151072059
2.98556871372252 3.974897747349377
2.9784554877022518 4.012827316742177
2.9471729620379254 3.9472660070569088
2.8845517601539443 3.956473937523063
2.889176969581097 3.9537357823142307
2.9729538250832768 4.0177889932582715
2.9772865201295735 4.0138808239828325
2.9173474135196216 4.031869942282112
2.9784067567293873 3.964742463367264
2.885807175724703 4.0214614546554746
2.865622859087847 3.995629084819589
2.909536458823867 3.9466801922072405
2.9272934170159894 4.032246894599473
2.9769435811662937 4.013884736304839
2.876940796400525 4.014445868402265
2.929951102224734 3.945101236665444
2.9701874779395365 3.957838972120221
2.9750490681927007 4.01538844138903
2.987845191052209 3.992010275745669
2.9033946711773937 4.02872518994556
2.9617318377640376 3.953180587452943
2.9094376803287423 4.030132641979676
2.959613620352667 3.952247681619151
2.9002152778702746 3.949661547618422
2.8877886562916313 3.955303365258518
2.9394368423392985 3.946378648955225
2.9818305813087838 4.007090848068414
2.948376707071181 4.028855979707093
2.8893393202623683 4.0226747625640105
2.8729999078535347 3.9683740977850084
2.9857977536414992 3.978788493597179
2.884206881478324 4.019419343081568
2.9354737729136984 4.031119655184909
2.9828875164706687 3.9724872462444445
2.9801498526718158 4.00888211423042
2.983285693209527 4.003968721962842
2.8908030218194005 4.0232109176417215
2.9341435110127714 3.946088643808877
2.9064333932321036 3.948240982238301
2.953908238816513 4.026854449586733
2.903229200312981 4.028104417721669
2.8734646325567055 4.009039842604842
2.971783781811549 4.017099468136174
2.9021537179701093 3.9495228821009603
2.94446511004039 3.947763447864532
2.875672986896772 3.9657257993440496
2.979355888151078 3.9678290836144083
2.967999123585041 4.019725995906181
2.9048654455014895 3.948811426585189
2.93633063552467 4.030704973951613
2.9609175641098497 4.023722724370341
2.9610994242484914 4.023620835210723
2.9794719277143598 3.9681225913213543
2.9032814071892328 4.027883748467877
2.8706875231164535 4.004456713411386
2.9789338035239967 3.9675602336604667
2.871962670003403 3.970957204027285
2.9187566123363053 4.030735383809576
2.8791073953051347 3.9626484531743245
2.9435452708054735 4.029311466937667
2.985962420942662 3.9948287322754035
2.8821096024245207 4.016989898120267
2.9865196046222517 3.989096196390899
2.8743661387663266 3.9679999076284935
2.977092645605034 3.965912105076219
2.964442836080117 3.9559159214822466
2.950309427047587 4.027375988721703
2.9289965279044754 4.030781130516871
2.868813709086559 3.9781714282211453
2.958060762570632 3.95273604625668
2.9710545648127393 4.016816637256536
2.98270118357063 4.003109210078774
2.8677433245730235 3.9953757306940325
2.868174259625541 3.996948257496366
2.870533663732556 3.9744106134352233
2.884397213328633 4.0183336763865265
2.8950040059385405 3.9529280123979578
2.903629571975727 3.949761900979632
2.9860801684331664 3.9901277260503285
2.9340716240005005 3.946874662436069
2.94029345427008 4.029399001955636
2.9667567031262436 4.019471452424154
2.8828714260210044 4.016886240989543
2.926967686391885 3.946690680128471
2.904683242449738 3.9496864170781447
2.8733968641326175 4.006862808833699
2.9734989800604223 3.963108858907212
2.8717649245155323 3.973062425518222
2.9828804620397498 3.9757737684884873
2.981232724461912 4.0046830294134645
2.899336894129851 4.025656383548359
2.960890921455275 3.9545826160246027
2.9669098827074234 3.958152218977162
2.901293873150224 3.950947939482563
2.95803407882234 3.953315176537439
2.911279590187114 4.028826840059969
2.9734865128526202 3.9634213017555124
2.9668737964259577 3.9582301679343574
2.9053559618650038 4.027339592535971
2.9059623962963075 4.0274944261392065
2.8681525273292072 3.985346172625918
2.9553475737211823 4.024753102642858
2.980186617115846 3.9718431097480424
2.8695322347091823 3.997286985276902
2.9767282619040594 3.9674481125188428
2.921832950506575 4.029694691351525
2.9185737110918257 4.029417712014985
2.8771099315523276 4.010389283403063
2.8776276353762427 3.9662973261959404
2.8874169931926525 3.9581407998365328
2.8684082319527398 3.987469320680378
2.874471469166119 4.006908190228627
2.9027047447468313 3.9510681880909657
2.941167685035601 4.028423394129689
2.8931440218491247 4.022225179064565
2.898079489976115 3.952769149406148
2.9139161030241096 3.948481160739326
2.869638857303366 3.9807387742494456
2.969184878990017 3.960647128418196
2.9820691070575123 3.9763931487360793
2.8795558769738188 4.012596669994688
2.941454624541982 3.9489554454111473
2.877225143365424 3.967217780949599
2.938054822599992 4.028743537635475
2.9449454716151333 3.949757024161541
2.892702690382023 4.021723167804073
2.8920068505627987 3.955852418269287
2.9131780858989336 4.0282617605366555
2.8857493253988227 3.9598501135130326
2.942950401657349 4.02762082446568
2.912165968400064 3.9491772602328314
2.8927390693154624 3.9557077700581624
2.873817676627274 3.97248613478529
2.948289045381858 3.9509502422438345
2.880342071724461 4.0125202255987364
2.8871628513043905 3.9592161987093752
2.8802891304384093 4.012409830265659
2.890369273906232 3.9572465508587626
2.8778799737972216 4.0098338254551225
2.8782004630518303 4.010169679014437
2.971093152702289 3.9631171259567353
2.8935470596624198 4.021582876896629
2.9002004731388427 4.024446133534684
2.9280461881319537 4.028993780633857
2.950554842040688 3.9518831662728124
2.9172468372260503 3.9487338596863157
2.9827652296652243 3.9814036044180003
2.8718732601401067 3.999828516707228
2.8981909369058565 3.9536396714386077
2.978914295452129 3.9725314645382515
2.898162024922926 3.9536668260942385
2.9415867508738227 3.94968726280932
2.975118297218006 3.9674714860948335
2.9163665552991875 4.028170695760074
2.982011284705646 3.9980377963133034
2.9802318624328996 3.975031299226738
2.893601345422888 3.9558340048753826
2.875916668965596 3.9705299164554733
2.890361366300658 4.019475346109589
2.8723485627452323 4.000368483758349
2.8702661381010524 3.9840348643875516
2.93592817664097 4.028121840197455
2.9259831524682687 3.948466568165185
2.9369818616672783 3.9491863745912084
2.874151621148612 3.9735871601703714
2.9086207602422096 3.9506462288663604
2.9595296385035414 4.0211175868577795
2.967986113795062 4.01581027388642
2.9484521926470553 4.025402938404794
2.947055290981554 3.9513283267907564
2.9798219389509875 4.002005357871421
2.8727352041330834 4.000452402383373
2.8915822661006025 3.957298624015638
2.874576391334836 3.9732184576702583
2.871691553940649 3.997677421776235
2.964739758253002 3.959169189516887
2.881151313809644 3.9650138213918713
2.876140906977162 4.006358610545136
2.8914814265803344 3.957410443193254
2.9168566388460757 3.949292354517576
2.9322024824190294 4.028212150023327
2.967420834221417 3.961104211796866
2.8824905889973373 4.013260543389012
2.973863839223502 3.966967549818319
2.8796376621948454 4.010445753692823
2.981331972541592 3.979359665848828
2.9450059756779923 4.026133208696292
2.958173225378275 4.021468279074789
2.8705484695015793 3.9862842047594524
2.965066079395908 3.9596364750676303
2.969994523165851 4.013767833704643
2.9533342442912778 4.023456199650862
2.975884878827484 3.9696514445646827
2.9365127614151003 4.027556311306936
2.9792026048568254 3.9749038215801433
2.933426118649413 3.949266765529497
2.8781689494196145 4.008324989780885
2.9609580197520726 3.9573502975553456
2.877900914560267 3.969218504260688
2.980856459604089 3.9982425795578784
2.970008220496327 4.0134981433068235
2.904189183519576 3.9523957881575575
2.959442091449897 3.956618045423056
2.9555540480636675 3.9547948683558554
2.9800957137239656 3.999870031060608
2.9727524109687167 3.966430168870823
2.9129650452999485 4.026767381750211
2.8750495900699717 4.00340394497033
2.9545201615158048 4.022625609730036
2.9778262920843277 4.0040203524350755
2.9120028193683805 3.950602818578745
2.8733909259201718 3.977262104287626
2.886184546106562 4.0155451046626744
2.9710307315466467 4.012240853432395
2.8779779481075973 4.007477301113363
2.8964133782797274 3.955694186683838
2.8786546618220514 4.008202670826003
2.9600753106861344 3.957331575639432
2.9434440973811244 3.951223588197524
2.893777854174908 3.957047665654532
2.9191020262761933 4.027329139078634
2.9009522032759776 4.02322461825806
2.9173842128891083 4.027111401053927
2.9230758659246154 3.949501292296282
2.9635939638235724 4.017679275793994
2.9609155284846826 4.019237628525828
2.87637543604917 3.9723303160834877
2.9425029606452964 3.951104465269993
2.9491318983426202 3.95284907880809
2.980554597245183 3.9972028696586377
2.967826649366439 3.9625414951749636
2.948871763940719 3.9528136956643634
2.9133123801395264 3.950696622868282
2.8715635651491396 3.9871639567535357
2.9671579934000665 3.9621647633032855
2.8715705661162483 3.987450900888489
2.935100970304444 3.950053902200369
2.9380227551063216 4.026607513522408
2.921522139544594 3.949813156090337
2.9111905331184778 4.025867059231531
2.8806857664486847 3.9672264277517293
2.941202108121235 4.026034868997981
2.9570779729017573 4.020922670716453
2.882948308991206 4.0120744787185805
2.872588305212534 3.995283566718193
2.956137439389078 4.021228545351538
2.936459706345702 4.026667669961109
2.8832557584926697 4.0122460524570025
2.8905851790368984 3.959386662927131
2.9496596148000958 4.023667037346197
2.907607017540263 3.952332197862133
2.8825261599536307 3.9657993310294484
2.8773418650824727 3.9719785272584147
2.9155336392083084 4.0263269695500465
2.956266260725813 3.9561561483415404
2.939807483891463 4.02596897599484
2.971121528434687 4.010889657175296
2.874128944495517 3.9784771414557856
2.8756042082760462 3.9752396325536585
2.979798111998054 3.9967713513339733
2.9108670376896386 4.025314619458642
2.898689139174668 4.021475036972412
2.9166072926049234 3.9507945295061235
2.900740388103549 3.954796997705132
2.949903922676829 3.9538912095889227
2.939107410737993 3.951243638787882
2.873096095349086 3.983046372361996
2.8886760071502793 3.9613792596629582
2.872941114530664 3.9924161058015413
2.9677609657100508 3.9638762610781306
2.9761664475520035 4.003680509053492
2.917184042169527 4.026036674544755
2.9571091817297805 4.019964647196881
2.883882758727804 3.9653804376656825
2.9754746101203238 4.004561420090836
2.92963659779726 3.950568211928691
2.8816279762174015 3.967874424255954
2.9742143213845535 3.9710174443572877
2.9788850828074755 3.979972664183011
2.9104794856770195 4.024695462458419
2.9768226683497936 3.9752512680771837
2.9591529619136194 4.018644584493067
2.937660156425983 4.025579615454329
2.97941118352165 3.982173443259624
2.9764239721074004 4.0024253131146805
2.9411404252265956 3.9521200872855955
2.935830246339715 4.025775596332987
2.9312860091848174 3.9508472362530833
2.909840134331243 4.024366543992626
2.919757633419354 3.9510926923860046
2.9696229162209367 4.010898751473263
2.9658730023257887 3.9630079563814418
2.97994728924101 3.989606622002227
2.876558996553701 4.0013230733039515
2.969058896792626 4.011257179479207
2.8735886184377293 3.991089593272835
2.8983960107863047 4.020384929078556
2.876011846552781 3.977157242147632
2.9708543447505047 3.9677310784460205
2.973079839219485 3.9703781030878575
2.9557058408698413 4.019934865249552
2.874645768169744 3.9810507526627164
2.9253101813732068 4.026028628877315
2.9233549100877587 4.025963015339226
2.8761948707854907 4.000131214588133
2.971778975977158 3.9689376079149454
2.9057871242790783 4.022928339538774
2.885014105812192 3.9654696303493164
2.8743385683487164 3.9836444744334467
2.9435944647310412 4.023812056310342
2.886682549336831 3.9642421173879914
2.8962553112512666 3.958092561332296
2.977566970348473 3.9980591820218527
2.8814137059279696 3.9694965406786835
2.8978183433397926 3.9573848520103554
2.919719257805827 4.025383504464492
2.9412264765423366 3.9528012550386844
2.8834858023504797 3.9673522848945986
2.8823665735398887 3.9685503656718364
2.916011423801296 3.952156404270876
2.8942602595797067 4.017728685567839
2.966453021228166 3.964380108205228
2.903577551580616 4.021830630112635
2.9240708434672165 3.951463058727062
2.9197651508293614 4.025260981342843
2.908705867887331 4.023326355107952
2.8807766529260634 3.970648836440743
2.961619145112028 4.016025929322766
2.962877987655999 3.9618765141646617
2.9576688476489714 3.958778699557161
2.978425738783754 3.992887968316972
2.9642559146419774 4.0140538975978295
2.968846449885187 4.010169052832598
2.9771198730729473 3.9794135773575796
2.977681176722836 3.981140143017573
2.931371520667855 3.9518156422850854
2.879204623259125 4.003765585520589
2.931755898478599 3.951928125963401
2.882753734549371 4.008202161960903
2.8773968190538017 3.976942049811618
2.880351049793016 3.972000291481712
2.958782458589738 3.959755125370841
2.91287538727976 4.0238404404479695
2.9748193525436584 3.9752890247756203
2.878331790785447 4.001566260324861
2.8843099245769865 4.009502372067391
2.975042553241229 3.9758292293825797
2.9275814631305135 4.025004581773352
2.8768576249386593 3.9789491937284924
2.8839856260587284 3.9680040853853358
2.8762561361256775 3.980887015147676
2.8765493691281376 3.9799996621268514
2.955146784840661 4.018858683730371
2.899152041793818 4.019304883768526
2.9729056136123573 4.004308373900603
2.886593131774837 4.011169193375281
2.929487358713134 4.0246736263492995
2.9661390225328494 4.01160223183634
2.977622966159637 3.9921176943988916
2.967797114411004 3.966974840765922
2.9724030418566523 4.00475787395131
2.9209922273479996 4.02445617659846
2.927724885782229 4.024629923385894
2.875555061630961 3.9875115801662933
2.9125436611337974 4.023194145174423
2.931604941749149 4.024386645128443
2.875705738147577 3.9867218025564037
2.97738606424234 3.984989140381561
2.9365571254627962 3.95316197444091
2.9582287879356457 3.960263346541899
2.9000674082297815 3.9578370220122405
2.8935987892167194 3.9612130707216227
2.882235995847334 4.0059549230599325
2.8981762410001437 3.958769944923456
2.9032130696653313 4.0203204495254985
2.95545882195647 4.017991228666212
2.9659333438991995 4.011111117165837
2.975303696593437 3.9786401689048048
2.9124759058931375 3.9541269366487053
2.970786562005162 4.006018905078882
2.8764590629901354 3.9930540980763505
2.8861864292922803 3.967054962968195
2.9198846403867327 4.023931522430412
2.9754575350868633 3.9792568054133204
2.8964979796797925 4.017184921922887
2.8785865829851383 3.9775489541132045
2.9409956331981926 3.9542877442752262
2.8817443735313897 4.004791285238605
2.8848672610519017 4.008508128209678
2.9412026228897625 3.9543719055437334
2.9635061074490636 3.9642356166541237
2.927032227811082 4.024105014815947
2.8769752498872947 3.9944635380516242
2.8781260088685285 3.998065482120996
2.9437869780382986 3.9550638476443347
2.948568169696984 3.9564985560147012
2.8787508890338502 3.9992718426510825
2.958733072452837 4.015826071070502
2.9534791673104546 3.9584838454735136
2.9424800174738106 3.9547900347395704
2.9573377040004347 3.960417855132812
2.965199582872734 3.9658127688125333
2.9229435155292425 4.023850705573194
2.8821150587872353 4.004798731051809
2.8828998684461187 3.97122907256645
2.912457135282298 3.9545058050427926
2.954257313899207 4.018051782550241
2.9747627020460077 3.998344256692721
2.9647116561251616 4.011504509342341
2.940918710568166 3.9545719640230406
2.975956070668788 3.9941170886204582
2.9124249630772185 4.022336132551407
2.9709779927405 4.004688331164799
2.9586734377254804 3.9614800632465412
2.954526389428688 4.017723552889774
2.9758403150255948 3.9940660443151157
2.9073729102980748 3.95601946029653
2.973887443161489 3.9996087796258815
2.8823049006283377 3.9725259063617173
2.932392409394047 4.023420099050071
2.8854987804567704 4.008277700908338
2.952566030633899 3.958502654125106
2.913432695440032 3.9546008539891933
2.927359707839032 4.0236153923903935
2.8883262131802985 4.0108760710473055
2.9484099186713646 3.9569336598691267
2.9068664494351717 4.0206752771661165
2.8836381881309823 3.971069964505597
2.974808148785578 3.980295581080898
2.938699324261849 4.022416827398921
2.9542027744205646 4.017525125126184
2.879617224969979 3.9778322319140296
2.9309526780639006 4.023263012072205
2.9620171448686907 4.012809497344762
2.8782989834081185 3.995466332148558
2.96523394407572 3.966789818904109
2.8896325543089905 3.9654511264093584
2.920029009746628 3.9539250139086866
2.9742590667193816 3.9975301364380282
2.877679489083323 3.992568151250193
2.974643072407714 3.996407382003968
2.9384253510160585 4.02230898108837
2.9738347817148365 3.9785763436026302
2.961586424494689 3.964006898125435
2.9079091161151824 3.956333606526024
2.893685959387657 3.9626980821646685
2.960312651430712 4.013818071902206
2.89295949353697 4.013798366544252
2.962027557236837 3.9643974904757737
2.895097469636463 4.0151173296242835
2.9403196964020073 3.9551222793758702
2.888278231671153 3.966848754302025
2.882007746799984 3.9740749752796884
2.9658513569293596 3.9676627272306737
2.9648814853119676 3.9667944392817702
2.9216974592839033 4.022943538264929
2.956925527738659 3.961253976305785
2.9026763072382087 3.958273612272731
2.9252202266294267 4.023086084556013
2.8990214395546205 3.959990682684827
2.96915053823455 3.971494284172333
2.9753793532282002 3.9866534028210117
2.896144997722974 4.015420273532854
2.952799316439835 3.9594131698886943
2.9749763705422514 3.99274952897591
2.974355958168635 3.9953780978352773
2.951531583366621 4.018034436102534
2.94830587695189 4.019270189883715
2.89990726765566 3.959763817695192
2.8957037590255856 4.015007188208403
2.921042581229891 4.022558324835725
2.9660627833857127 3.9685030388295397
2.881223482992721 3.9764879067401577
2.892530674914963 4.012818252229043
2.9750855942399435 3.988753409166306
2.932648857981401 3.9544868111174
2.9098944582335164 3.956340868747465
2.881767593576646 3.9756492514743638
2.908613946419562 4.020236992394364
2.900928776452207 3.959484675173462
2.9621744569185164 4.011723353204423
2.932399918437139 3.954575134228171
2.9033877018244763 4.018370378000065
2.8795658113986127 3.9810842200454015
2.882923656048609 4.00281505160279
2.957957470362296 4.014361462501601
2.9165680458711605 3.955172864655876
2.9173100472850253 3.9550719055631003
2.9285198792541123 4.022468725133402
2.8792682308909434 3.982604868190206
2.974508964425411 3.991639952775213
2.904878550840176 4.018768152878574
2.8789191818080653 3.992307751455636
2.916530143948128 4.021639547576804
2.9311402172957948 4.022217995826371
2.9593518314916105 4.0132649938087805
2.884956207098477 4.0052056584747895
2.9196647670554663 3.9549775907265667
2.968395692955192 3.9720010035571205
2.973368360590032 3.981320881878838
2.9556193456015345 3.961594863418258
2.8858388708632603 4.006099541575091
2.8842194993336694 3.973013198738581
2.9738735331306256 3.9836324516575807
2.8809947354505123 3.998372624485727
2.9573563895162747 3.9626787303532556
2.8837293853606 3.973826976805987
2.8849147703541753 3.972210055402199
2.929736156638385 3.954834278486379
2.9054562012284793 3.958287648947799
2.9597966393762007 3.9642858079586842
2.954150353876032 4.015964401305972
2.9613272676390876 3.9654749914205
2.8848181996645756 4.004475724338248
2.883075380012121 3.9750780783417436
2.9040669271707404 3.95893509531332
2.8811405563640533 3.9979649898308134
2.901504127847815 4.016904646935549
2.887902137253846 3.9691488143268123
2.919335008284012 4.021579041520608
2.887943675257311 3.9692150546762424
2.9719169127172256 3.998179456558635
2.9705448088809474 3.9760793456961663
2.9262573886495815 4.021884132620572
2.922737275885492 3.955156735364427
2.9701745704978233 3.9755136287156283
2.9189588284513492 3.9555190245255276
2.8812586897873134 3.9976105788074743
2.88250796258668 3.976744380402878
2.973033208189892 3.994451828976014
2.879498833861477 3.988556688700525
2.9727695996174797 3.9953168516994406
2.8798827951855124 3.9844377596272356
2.9638872086317263 3.9681020617458946
2.886631891172639 4.006041322751264
2.9126409589069477 4.020237741889568
2.9046530952633107 3.959052369433009
2.9251265692193558 4.021666225953018
2.97354520301844 3.989866768491712
2.882061168463328 3.9781371058617285
2.95170593753624 4.016499895724545
2.927386815712156 3.9552967934688685
2.9112471304352034 4.019761866832637
2.8797690892184664 3.9885517524459075
2.90122996448819 4.016299452186138
2.9330335715723566 4.021264191368548
2.964717168844416 3.9691896832617983
2.9046243239140415 4.01762814034627
2.890735720370687 3.967315262752644
2.9142252155482753 3.95662992280311
2.9680429005284035 3.9732423151479868
2.879981922676328 3.988562361143689
2.9685270360710394 4.002891122826795
2.966199364141075 4.005853868972018
2.9575832624018186 3.9638594568105425
2.880158333939077 3.9903903483168683
2.9290108834850015 4.021244182451975
2.9385320793079135 3.956733843333451
2.8803233880485846 3.9903404336641204
2.8802752198810624 3.9882448379290447
2.9406767802452625 3.95720403449805
2.9592153994027814 4.01178091143483
2.897783506848879 4.014073479155723
2.957406251460163 4.0129207320389275
2.9583093932722084 3.9646449060892373
2.9172348434453648 3.956452231638581
2.9273211473379845 4.021104861342265
2.9560304724632296 4.013591916073224
2.890033271387458 4.008282338540362
2.9071863088625842 3.958983611922884
2.8808954174499837 3.985612543405341
2.880747711164079 3.9891506297185884
2.9387949025035125 3.95714655307402
2.8941049733692283 3.9656476857607537
2.881369806495387 3.9933105130442454
2.9602266874962098 4.010442447110799
2.8969199490829958 3.9639198747524205
2.9448741968881986 4.0180336994466925
2.9706730769103076 3.9799831711928153
2.9189295442150898 4.020232499149251
2.9422007045772185 3.9581414638101844
2.909137963184728 4.018209306412762
2.9601138510601173 4.010310690285725
2.9350339281919426 4.020077570289202
2.9219468755126052 3.9564278189263806
2.890462419870064 3.9689665689384075
2.8930163367916517 3.966803186442716
2.9657203893173247 4.004869898502916
2.892057624930937 3.967614395996188
2.9701272772393486 3.979339216086613
2.952537022744564 4.014782266458979
2.944559465147467 4.0179010563559086
2.9618685082043212 3.9682844091319582
2.9092312213352955 3.958862319658877
2.9691262931634164 3.9995175516669548
2.8817790049349234 3.984331702118628
2.9502616278531555 4.015714344970759
2.942295884804297 3.95843857762223
2.966670741877349 3.97360145730804
2.916775936977145 4.0196209219761565
2.951654456020898 4.015035637994971
2.9118233639432365 4.018600622776481
2.8842238603317645 3.9775179254660085
2.9210856097628035 3.9567567533416366
2.9682610293398 3.976141189132342
2.9166321589155 3.957321738928595
2.904549400349514 4.0162657174996
2.9616237640981398 3.968322474230378
2.8866444892262537 3.973780543757556
2.9716401381827255 3.986990321941528
2.93886670708116 3.9577764166807823
2.902682361283828 3.9614925310981155
2.881737735224455 3.986258272316004
2.9598547703889553 4.009864611585018
2.8848312717552362 3.976842378307687
2.9386104006828697 3.9578471580334114
2.8827003527134574 3.9820667632337536
2.908615701280155 4.017444088324088
2.92036350195309 3.9570715934449687
2.949673708383184 3.9613130470008335
2.8938989682150034 3.9669012535701302
2.9641429909017423 3.971223259039361
2.8917637037313466 4.008244453171855
2.90897820256645 4.017484805879589
2.8988050060740145 4.013171360481774
2.95157808725083 3.9622292174250413
2.8863095058484483 3.974935483798654
2.9622811104271536 3.9695302199429956
2.8882595645010616 3.9724960269916076
2.930420828158651 4.01975626830402
2.9580669938960753 4.010627703460421
2.9561797257930027 3.9650265422211026
2.968219434547384 3.999410863314591
2.9645344975237036 4.0047679163697385
2.969141471195406 3.9974382785562605
2.9325150500027686 4.019514859955993
2.9221103623542306 3.957227159439337
2.8925863350801353 3.968359415433218
2.8852533147758104 3.999704408082367
2.8896666651316574 4.005754410339891
2.922853058115153 4.0196295320945215
2.9642378539015146 3.9719549664052733
2.9470372726735965 4.016199130210314
2.887934290712693 4.0036087050123115
2.8858961924149424 3.976269103179504
2.8832560662650715 3.982474896462258
2.940947877088613 4.017858338649798
2.942256197889314 3.959347841346225
2.9705151597958803 3.990520066303791
2.8882269699539322 4.003569389153773
2.8988818152119844 4.012517123867987
2.8918749039171923 4.007358593687979
2.912158381941552 4.017695965143778
2.952672302981976 4.013390127661732
2.9436550357245403 3.9598511588946526
2.913815783536055 3.958787002429931
2.8841349553657456 3.9960205788890146
2.951190196366472 4.014102697613015
2.9694643064385007 3.9949592453814766
2.9533458327096564 3.9639007362059164
2.885489419572097 3.9989564588304614
2.9389991604482857 4.018097361137084
2.961239002660333 3.969519562020131
2.8960099641848465 4.010476992384568
2.9668597776527115 4.000517018604085
2.88673395898892 4.0010069243838995
2.9292625795442575 3.9576102386544516
2.884471893762081 3.9963285188793645
2.925628947086456 3.957602274842981
2.9062108793972126 4.015644869871901
2.8831208425476182 3.9869842600889007
2.9666870462433677 4.000575018249931
2.9701996928538517 3.988227338944725
2.9625639709443874 3.971028533377373
2.9477632558195372 4.015322556336088
2.9607468334817586 4.00754192285364
2.9633134926045352 4.0049954024369825
2.9676293705544117 3.998718297910017
2.967483778152138 3.9989426177979563
2.9698666216428182 3.9853655783351227
2.958402365609617 4.009355009061302
2.929728080374018 3.9578052851966063
2.8873375225342404 3.9754530147051796
2.9482350651157354 4.014997171998706
2.902168415015719 4.013683732140862
2.9293937885508505 4.018949569546983
2.941998693786802 3.9598372949333394
2.9420738582353074 3.959890284161493
2.9035164687012402 3.962653029102494
2.8898449955611314 4.004377598953151
2.906721160808752 3.961371329130362
2.914488049759263 3.9591557947494245
2.8889132491475538 4.003223072042325
2.912957464785821 3.9595251224904833
2.9677453993275287 3.979498856418483
2.9138572436853942 4.017450091744606
2.885302029092209 3.980072457774768
2.9189013411695557 3.9585069929410737
2.907964655447013 3.961044934817307
2.9408055674657767 3.959727167035756
2.958196612133751 3.967809804738425
2.960906875844517 3.9701729120676896
2.9109545959767997 4.016642386874434
2.9483086554267066 3.9622775553094636
2.8902086875207913 3.9725093105552993
2.942076899714673 4.016663778211123
2.9225955546407154 3.9582705615524443
2.8910180979447637 4.005234524684054
2.887825811879396 4.001152855526572
2.9388761701071573 3.9594441065849297
2.920609300113602 4.0183384034117795
2.965808076877162 3.9763575264506894
2.9221382963107865 3.9584131805634746
2.8853407205031103 3.99573332824744
2.890176429256577 3.972916991734863
2.899855292591332 3.96504722077192
2.9445137191248607 3.9611205466736474
2.9472943461232823 3.9621699138987108
2.884216589755108 3.9883430164495537
2.888960751435383 3.974659271354794
2.9564427272106077 3.967097669941597
2.8866521592546786 3.978483398870728
2.896953823011404 4.009791556501716
2.8845163175600224 3.985515264825164
2.9044214819999734 4.0138918555240055
2.8889587829009526 4.0019946749862925
2.913533158316691 4.016819885684379
2.9632646558882434 4.003312277574336
2.9678878640600552 3.9947732761293784
2.94029514836485 3.960188870628457
2.9191392555921 3.9590621206172547
2.9189680032739087 3.9590888992311863
2.9683796998112357 3.9925392746533817
2.959584925047036 4.0070015049451975
2.8955453339626773 3.9684069258385986
2.90363434384823 4.013298319364384
2.902692782578696 3.9640240329746934
2.9274237544201274 3.958740587428159
2.889674881100082 3.9744186308473513
2.937280512769534 3.9597200445185514
2.8879206515285296 3.99973162334115
2.9353796311264047 4.017366095949524
2.967861645835409 3.9833245917998488
2.9004568814399843 3.965342151638621
2.9678479792066135 3.9934331955129245
2.8921647492147304 3.971723218088938
2.9287618514977396 4.017909503061769
2.9009927154601076 3.965093896430273
2.885069199254668 3.991349054097542
2.891604788226182 3.972341357592431
2.9366868920536597 3.959772979470974
2.9410122468954625 3.960767328835533
2.945010446127932 3.9619957627968905
2.9031893446888297 3.964101552128179
2.968239653516947 3.9875960608354815
2.8859245600352637 3.982526956754052
2.9670499393107064 3.981608843077365
2.889800426674509 4.001967784572738
2.96683777476177 3.995777054134612
2.8851349436758547 3.98904005656144
2.886351631602517 3.981403121092633
2.889080173454036 4.000891730127883
2.9370390048746002 3.960042845096053
2.8879573269309065 3.9988363165758423
2.9393633758933295 4.016237630205649
2.9314484701627284 3.9593454620279562
2.886839700280085 3.9963015289474106
2.901721690300948 3.965106611784712
2.951577655700745 3.9651197487419543
2.89352010572357 3.9709639234622687
2.9084418046824476 3.96221214286508
2.885381523308189 3.9883702956212517
2.919205534549885 4.017070670282055
2.8991941848566922 4.010112872759514
2.913647935438059 4.016019928305755
2.966950065816352 3.9828230340731414
2.8901288554554956 3.9751219074999673
2.952673335024082 3.965954248870241
2.929588865126601 3.959447069659806
2.888590876353856 3.9992319367912366
2.951977888506662 4.011202368408767
2.9446162205732045 3.9623569689814007
2.916637131534909 4.016490737440832
2.9643341077113123 3.999755354453996
2.8863367616322675 3.983314486740935
2.902650896684478 4.011860760612369
2.8857278119551415 3.988813476103429
2.8885708884682684 3.99902198340639
2.9126632216590687 4.015578581831115
2.9655075951137895 3.997324588652071
2.89315721041808 3.9718768396611024
2.9467673570865642 4.013454513153762
2.965388891099874 3.99728998789886
2.967014688138822 3.992139847355462
2.9290493035759098 3.9596679363058547
2.9607924512327792 4.004062691633347
2.9153980638827917 3.9608275434901516
2.9203008131901695 4.016723656278651
2.8957140637951624 3.9698794117034675
2.902819746300411 3.965218413307161
2.88644039317916 3.9919520543144076
2.966054627428533 3.995011101830271
2.905707050490715 4.012899445077945
2.9588195126681303 3.9710878117444435
2.920682473405309 3.960112958764089
2.9190909305251056 3.960328471622672
2.8961741726911976 3.9696502017974984
2.966676913661395 3.991967322251364
2.966197026852937 3.9939862822156673
2.917978269759832 3.960649715415218
2.8880859386243567 3.980451895870649
2.901853362047377 3.9660699059817075
2.8958091754584703 3.970262408234472
2.8865783456041525 3.9877621029363146
2.9019534548553683 4.010706798860813
2.965108824771957 3.9805476223780136
2.89292158059497 4.003670744235332
2.9149085200107137 3.961328664090539
2.8882114715815845 3.996308750194075
2.9651550901330683 3.9807593590913886
2.8869052416156222 3.985120712058275
2.9578724056555705 3.9707348951171944
2.946025724090381 4.013079993945236
2.8998370520478636 3.967476524279281
2.9510917219031385 3.9660995594401287
2.966155705207986 3.984540509159636
2.946856417479735 3.9640762452181226
2.90446554223891 3.9649477232823163
2.911869447178982 3.962205736641955
2.9520028592516097 3.9666646893972137
2.9146711001890817 4.015261542168859
2.9651012317047796 3.981078672341076
2.964149533032188 3.9789815879907424
2.9459162929333313 3.9637649979776386
2.966369284627728 3.9874903250027547
2.9663212328113935 3.9869754165861035
2.955747544546395 3.9693077137971597
2.9136986683406327 4.01492615184109
2.9217828622065887 4.016235508784649
2.887566471082004 3.983582108806091
2.963619108866964 3.998532619811357
2.9020357402159505 4.010378507936517
2.891662106058133 3.975230343881197
2.95250713033958 4.0096245264839
2.899109012829492 4.0085501671833415
2.966093207273965 3.9877557468360036
2.891320762711721 4.000823788405919
2.9648624951124014 3.995256969056605
2.9105712761887865 4.013825865069924
2.8886598744739427 3.9958074891324955
2.9114119277961623 4.014031601517287
2.91091541023584 4.013870631206393
2.961445311276697 3.975487875117482
2.950090301120687 4.010682642768539
2.9656327176672477 3.9917818388924324
2.8898580217535486 3.9786731011297247
2.9404626120523467 3.9623951263800388
2.910697505136722 4.013754370544496
2.899501247570527 4.008445762933857
2.9459390815870017 3.9642230697345138
2.959470670956098 3.9732104030871898
2.9642650133929855 3.9962159209202452
2.961590988987047 4.00088560440727
2.9597565328442537 4.003057468009036
2.943461160230906 3.9634619794745265
2.9451613179199736 3.964112631320477
2.955812466566285 3.97009596592609
2.908332254379557 3.9640463683590585
2.9054276863713304 4.011484045776316
2.920338695612349 3.9612104583566925
2.898226536091422 4.007204599152043
2.918372020503945 3.961523395155872
2.9125993811157427 4.013955291889594
2.9276641858657815 4.015753733628048
2.9159976121114113 3.962053454941737
2.965268887215599 3.9889795853080487
2.9627121180734544 3.9981775448288865
2.899019656201606 3.96931844148483
2.9562816203933573 3.970917045482197
2.90192101099787 4.009333284295228
2.895507390430664 4.004484507706457
2.9583671243052168 3.97292816652797
2.946459384456632 3.9650344973979887
2.9609133758820274 4.00067039043973
2.8918217662326278 3.999806754188918
2.9623759909650706 3.9785503454893285
2.9637346373563984 3.981537040252956
2.9371589823752533 3.9623042054417112
2.88884442964523 3.992860440485615
2.8885208340672954 3.990918873105052
2.914236301922048 3.962783520169755
2.926551994626844 3.961323929949436
2.8890337971607623 3.993337900273035
2.9175126104041107 4.01463021363202
2.937143762939335 3.962382446572853
2.9466253115351386 3.9653553124386685
2.9509570770848574 3.967590144549192
2.899000673947037 3.969810662647453
2.8928643702088266 3.9758872917145984
2.899763943471594 3.96928496375363
2.9243629089577685 3.961487626294354
2.8904083668801865 3.980134223645261
2.888625014067732 3.9896357348429463
2.9097012944440865 4.012472951710397
2.9076941032900105 4.011658053129124
2.894611724324877 4.0028145850880215
2.9475828697553608 4.0107580721530285
2.888829963989937 3.9902212685917546
2.8957921350550526 4.003941811223877
2.9598098429032094 4.001319517568508
2.9062132781212258 4.010888834648664
2.93198773516906 3.9619028680926407
2.9195360403759536 3.962133813570425
2.928271294159249 4.015040652365028
2.9070685546776214 3.965551207113804
2.9448017613388604 4.011701880986852
2.963706255219536 3.983728543578101
2.959674983955634 3.97564211478116
2.9192052010087366 3.9622818211899755
2.9298132167382795 4.014884301064083
2.8949079715211457 4.002560065756872
2.954102454069082 4.006470287847933
2.961864009943982 3.997430267879828
2.9572231492157783 4.003615160451387
2.8960082066665764 4.003563490625218
2.9532145392086213 3.969792724038946
2.8981410723278547 4.005473291114613
2.8965921092245925 4.004090434659513
2.939762093026167 4.013066101312839
2.897418334976558 3.972086947912997
2.900362555565528 4.007010612700881
2.9202044178533595 4.014268201151833
2.911950783913332 3.9642223535306154
2.8975088764551833 3.9720786179746748
2.9627092617788877 3.982134516473871
2.891241267653437 3.996303284602912
2.9147998394389125 3.963502839605934
2.926822817260426 3.9622192846508133
2.9026241468143814 4.008234079298018
2.890286523075511 3.9837890843805246
2.9319576279901716 4.014181253556228
2.962323326991742 3.9817628999664
2.9071024318334304 3.9662460084991844
2.962440430473773 3.9946675277737733
2.9290937118407783 4.014378338227812
2.8949194282116952 4.001595976452435
2.9023957131061997 4.00792776360578
2.9115896822542737 3.96465241179515
2.9074034172931356 3.9662228199995706
2.894025601757905 4.000332818779744
2.9402379763922584 4.012478301156754
2.9444442615340227 3.9656726111635425
2.952692293288509 3.970127348208586
2.962193109737931 3.98216436475285
2.9581912369269867 4.001453419569345
2.9506949558580438 4.007824468167849
2.9631230590886317 3.9896115381074
2.901584403269217 3.969594080195993
2.8923793320202744 3.9972992858711542
2.9451927196795826 3.966172617462103
2.9597381172084734 3.9775974649327006
2.9588496223732546 3.9763582965170245
2.9587134918534916 3.9761890778632214
2.890668593985279 3.99238584457421
2.9000686205728554 3.970842813612986
2.930172238069722 3.9628177856873745
2.8918447826222193 3.981230417967743
2.9060516185507375 3.967290144491974
2.893356521651551 3.998441863035362
2.9051205462350658 4.008934263372108
2.961904139760845 3.982665786781103
2.908889764788709 4.010631176269471
2.8935976581081024 3.998685758671799
2.8945515279799925 3.9766940108379565
2.9342627873257383 3.963414889469166
2.9292785102345373 3.9629108948210305
2.9480157524500017 4.0089062829247055
2.962678733831707 3.9878733573094935
2.9314763381655498 4.013612924736552
2.953503104708365 4.00535768504047
2.9040375415797817 3.968524872437013
2.922235600464917 3.9630755187192044
2.9394085273376227 3.9645849944548397
2.891195358867608 3.99235931945393
2.8946513358798045 3.99983671012718
2.9068152982116695 4.00948445167261
2.8917580603860253 3.994217208774073
2.9405375086411016 3.965026263530715
2.9601490481745873 3.979461063747232
2.8915060178276315 3.9835820849735812
2.891305354235871 3.9923432238346135
2.9005904885714573 4.005681729148055
2.893843039115038 3.978350546877767
2.891247614343505 3.9918462903814667
2.9584566792638873 3.999857831016307
2.9097964813696215 3.9660987479217447
2.9210708832143872 4.0132758294647415
2.9188271724538453 4.012971536024611
2.9057722137786475 4.008800346110837
2.9606441280754296 3.9959426838968444
2.9039950996453427 3.9689172743288426
2.9040598192796923 3.9688851603223716
2.9622158221036776 3.9893603347953825
2.949765295718256 4.007496873848685
2.9562947404087785 3.974458604434346
2.9541335842324328 4.004305500411142
2.9449177523221928 3.96680190456379
2.904959892099539 3.968478576704226
2.9261160738246366 4.013445169198403
2.9279653051168193 3.963278833099796
2.9125032094636527 4.011355367187138
2.8912872810449284 3.990153976146697
2.914999197308558 3.964690750646888
2.919966187394736 4.012950849768888
2.9588919615266094 3.9987148356539786
2.961288137802957 3.993549673999873
2.937763884181991 4.012104005920698
2.9260550754645123 4.013362280441212
2.891581466604931 3.991702273417878
2.9033195728027117 4.0071681233161085
2.959837984779003 3.996980160592202
2.897892634621918 4.002903950193278
2.898447004965039 4.0034303134342135
2.9617780930616204 3.985880377298751
2.9176339973815626 4.01249470420036
2.954000707993128 4.004141412723167
2.9533941431114945 4.004609920558499
2.959252011665459 3.997824138287174
2.912466523015289 3.965539336948809
2.8917645965266687 3.9849124921171173
2.894982482931784 3.977460659220265
2.961810709621079 3.9877501076131714
2.8914966115309535 3.987435622676335
2.9134775345743353 3.9653022630062953
2.9225751926372556 4.0130360025268805
2.9007786938393503 3.9715645169629514
2.9039948749286055 4.007306046863856
2.8923260365120207 3.9832708758351036
2.904767630579789 4.007726353226422
2.8941141865630304 3.9791779467420354
2.9441677867611986 3.9669125645935903
2.955954171040945 3.9748322001390752
2.9580163519706306 3.999290108829041
2.892130194211304 3.9923346320591744
2.8919283832548697 3.985887654485593
2.956038179585606 3.9750841810865056
2.947151707976331 4.008280055564951
2.9304201693654424 4.0128417802390395
2.9337513312689003 3.964235864563207
2.960674142494091 3.993602444013588
2.936852313148385 3.9648134785011298
2.926453355538181 4.01294057905263
2.8989836784719802 4.003274482999819
2.9002709667346958 3.9723272554192657
2.8968410869689682 3.975734265422245
2.9421488542953433 4.010318183993885
2.892986151873124 3.994324047512541
2.892139797640408 3.9860505390777243
2.896452043056785 4.000389322817371
2.8943267223769373 3.9796243026804254
2.912460299716227 4.01063226661442
2.937486334810945 3.965172501780925
2.9495052429737987 4.006627017034827
2.937307740200433 3.965160215951421
2.9539954299585833 4.003184587317508
2.8928477816354228 3.983584289039417
2.9234071550299623 4.012571079594315
2.9030214973194157 4.006000032928666
2.9484220029826447 4.007105847917119
2.9041098457904937 3.970055080712908
2.913625966809966 3.9659162470428724
2.8968895304827207 4.000407861560986
2.9299227150377685 3.964217571399904
2.9351270113426846 3.9648624079527908
2.94027929326131 4.01055957923855
2.91800434820362 3.964911834339385
2.9483501708828523 4.007077659039636
2.927991445564871 4.012534832284975
2.905329652462959 4.007301883767474
2.9445525927638387 4.008979389112962
2.920282418563317 3.964568398041078
2.9285310041724877 4.0124701267007845
2.9565262081765 3.976704382236022
2.9104458484245495 3.9671183480616548
2.8947985963103102 3.979717085973983
2.9191686121601146 4.011872747796399
2.9024632427658457 3.9713903629685103
2.905662976274022 4.007315063573399
2.8973614512935524 3.976115365466475
2.93811840304872 3.9657141233766167
2.906009855949344 4.007453330789045
2.948181647801539 4.006941720392953
2.923435775995178 3.964520850046777
2.9545205309228555 4.0019088735749735
2.9564974462784157 3.9995807628219815
2.936240382834959 4.011257411187735
2.896729246053277 3.9773265909760944
2.954020107574591 3.9745739439830263
2.953269564666039 4.002845366176666
2.9579768756580886 3.9797855453959396
2.9239183131330506 4.012018772953078
2.8932339574186248 3.9907110018491707
2.901737788563583 4.004261588845598
2.8984450917768516 3.9755828970021945
2.8933342244188327 3.990652503097664
2.9583023033695586 3.9807233907621438
2.9040945635504753 3.9708861771456405
2.900328139439942 4.002925136793931
2.9305919882521065 3.9648912538105687
2.9234049355015967 4.011749818873582
2.943129532867651 4.008770788196992
2.9586358810913866 3.981939931082367
2.9164973908087237 4.010708896130506
2.9598529480891353 3.988387784963415
2.9597988299418825 3.9874639286183564
2.9406362704651903 4.0095173149284875
2.9125779790341704 4.009490430506102
2.8943244988466335 3.9838164217335112
2.9192411256335378 4.011011037876913
2.9335983939911343 4.011073523696284
2.9290840025695877 3.9651687583634727
2.897195410059206 3.998621189592957
2.949212897648078 3.971487308962305
2.9434741381858287 3.9684143880322655
2.910544887972544 3.968137933751465
2.959205577901833 3.9909317430056004
2.9316247148646504 4.011232259106325
2.925387364353665 3.965187067009437
2.959154337288081 3.991050595118026
2.9117782192287707 3.967744302382233
2.911161530923741 4.008670997481705
2.943947454343438 3.9687603992299696
2.9075175224083254 3.9696629246975084
2.9143475800784895 4.009683152892865
2.9165943118449853 4.0102465266985305
2.921168292391515 3.9656440208141386
2.949867606560787 4.004454505381612
2.952046704248604 4.002684987670247
2.9103643369538243 3.9684719480635815
2.907702170548338 3.9697034133989932
2.902130172330236 3.973347559324952
2.895356424434155 3.9823844249198626
2.930387084561712 3.9656096180068428
2.905570754018803 4.0056915357955365
2.9289887528754477 4.011128655721377
2.9405816384404564 4.0089454840460395
2.8981917034593234 3.977548120468536
2.9577134440565507 3.9945012377723357
2.9017073801137 4.002820668890159
2.9439145300022083 4.007595561070729
2.953660921568636 3.9759203618441568
2.9511461999106903 3.9735616490945116
2.958213325884898 3.9926919720591307
2.906640583442968 4.006092767306027
2.8946669869536037 3.986502384495841
2.9152949955700684 3.9671413468866
2.895565353392512 3.993793486460879
2.908237723048022 4.006850223620463
2.902744635384261 4.003384269500311
2.907914151879064 4.0066342032251026
2.90699765985624 3.9705235482854473
2.9439875017244526 3.969374363538444
2.8990361433039107 3.9770100909748893
2.894794857872726 3.989703731941949
2.895912112656883 3.9944110294484654
2.944764761498503 3.9697907381864557
2.957944656259377 3.9846711137832376
2.898490119685862 3.9779870894273897
2.8986603173241985 3.977941773267642
2.958190062839744 3.9884524079979644
2.9118312746202797 4.0080173960556245
2.9450472493677244 3.9702286126912663
2.917070321337945 4.009568299410058
2.9581156661466803 3.9874260261102314
2.93475722280858 4.0098458480876715
2.8974771142954334 3.996706537503668
2.9471051024922423 3.971428337776452
2.9280737208172525 3.9661193277769238
2.921405684035219 4.0102401366908875
2.909393727221275 4.006880571708695
2.9578591411570594 3.990643825546056
2.9029536614700753 3.973901719946742
2.9419370142350756 4.007597692855257
2.927410323380501 4.010411291771341
2.926939101094516 4.01041566921011
2.915731852107571 3.967624994867216
2.9545789509980755 3.998111073423401
2.895593770433125 3.9864255162888913
2.9302921167005493 3.9664391959303362
2.9107183146132236 4.007241283854983
2.956448023935815 3.994639794345993
2.956317544810389 3.9948860527147483
2.914361163627653 3.9681538269794254
2.9134957175887948 3.9684308341909666
2.9573177637548995 3.985127108966923
2.934649707016109 4.009484239199861
2.8961050622167117 3.9846378447771773
2.9449505802171867 4.00592558073026
2.9435210018601548 3.970053219517237
2.919039531586392 3.967176391629295
2.9176559366338077 4.009188050063699
2.912152650715897 4.007578726189177
2.934397172702081 3.967232126743853
2.9502893726009463 3.974433061848467
2.95515371729405 3.996458382997881
2.899737390253719 3.977824565462128
2.9485396875202103 4.003573900610955
2.9548685118758504 3.996835516315337
2.9514342581849817 3.9755577689290207
2.9569276517232934 3.9849158538479137
2.9212235742137063 3.9670413419780433
2.8987051815784004 3.979702935901497
2.933185557445805 4.009346196684736
2.9334303076550166 3.967338703028744
2.943207934584697 4.006367439646599
2.9039853305829864 4.002681383637226
2.932145495884842 4.009459202092064
2.956786599527206 3.9856540484120937
2.8972271752437235 3.9935855796187214
2.9009219030589106 3.9769674424163197
2.926555248791697 4.009759008427175
2.9101403674223487 3.970339407624085
2.9434901266589444 4.006094204267387
2.901315658515993 3.9766769879374415
2.944531791410031 3.971174814459243
2.914047798523881 4.007665965327842
2.899978005334745 3.99823513832261
2.896556796903514 3.987443626395796
2.903181305025312 4.0016117303942105
2.9481337663555633 3.973472698912232
2.899187944538756 3.9968730741363414
2.9487230772088613 4.00264390952042
2.9258183539134333 3.967179331797638
2.9023233121143255 4.000614586647245
2.9163430550145386 3.9685209182772034
2.8980325903386284 3.9942675782355574
2.9374290765140634 3.968708446911318
2.918225613668165 4.008492490540597
2.926921240108147 3.967287421508955
2.9172369874568957 4.00826113563515
2.9560922354357024 3.9857590298038805
2.8969974777288594 3.9893196229630066
2.9205311986807834 4.008759571082944
2.904415127133019 3.9745595425948057
2.9314287084325477 4.008918257055707
2.9340781767405937 3.9681074158449428
2.8993628753167995 3.996301593318387
2.954472925357919 3.995073350646873
2.9425716769062373 4.005806935780981
2.9449008314737473 3.972009663887712
2.930344860070119 4.008943895479385
2.919827715798678 4.008534078295369
2.9056550984292455 4.002875185724291
2.9530447099384016 3.997404929085262
2.8972963830446767 3.9888809280737756
2.897367410673023 3.989783060146313
2.919508132097546 3.968197689735194
2.9284340554491366 4.009002038872538
2.931192376201767 4.008749773818468
2.9496120935090326 3.9755752264286617
2.9424966111391537 3.9710001853699746
2.955732262964835 3.9868774668912907
2.9280158623969914 4.008890207711131
2.9053066516305046 3.974343913660177
2.9412034557060185 3.9705350391263456
2.9216418475634383 4.008535056589621
2.955160386953925 3.99216915349669
2.9454417543722196 4.003882437483727
2.9087973002265857 4.004420661534753
2.9035131789754614 4.000591948489126
2.898091001567863 3.9915693483141834
2.9555316165511316 3.9887657877703893
2.9399925578414154 3.9702354904725263
2.8998397145791124 3.9957619378803644
2.9531400163427777 3.9806128029215455
2.8995769847762105 3.9948808888981793
2.9213794545169174 3.968422626906805
2.9431175371929243 4.004822465153003
2.904833725319553 3.9752608460659227
2.9551242890079266 3.98944053763969
2.9191028722921044 3.968866147913473
2.8985337253170167 3.9915532928980886
2.95492320440227 3.99032321445162
2.898801684921387 3.992098751211169
2.9050251353851984 3.9753492347977035
2.9269963901275355 4.008244202896692
2.9018176613759787 3.9977364478728843
2.954128735137557 3.9925899368223177
2.9543030506241523 3.991801768039861
2.898750409793039 3.9907088514489066
2.9532840154190536 3.982064809429695
2.8986280447290866 3.9893372392237
2.8990980598474616 3.9920660637234247
2.954572336753073 3.98670630322097
2.902179521653795 3.978656620893447
2.939198698585752 4.0059554168756115
2.9442998619150322 3.9729995119023718
2.949033097264896 4.000105511562613
2.94376621779418 4.00389909997935
2.9454465052826224 3.9737192896766578
2.901459682094979 3.979869213620203
2.916459965049933 4.00659725314461
2.9274612326476195 4.007932786620862
2.902996061170122 3.9985680235996206
2.9089623291820406 4.0033950111411905
2.8991297236423437 3.990379496171219
2.9002564916377507 3.9940410232208814
2.9407629259079635 3.9715644439904914
2.9015846011300397 3.9802318755552033
2.9384595162918496 3.970732269813028
2.942044849256398 4.004404465633265
2.915468513776032 4.006042680295821
2.9540881307409155 3.9878604543989713
2.9510649912007083 3.997118720229778
2.939443608047557 4.005442721850338
2.9456893748781923 4.00224387911565
2.901414041550487 3.980748817019533
2.930360444021271 4.007464473949554
2.953866575145714 3.9900846536379193
2.9302127722699804 3.969133136206801
2.914173186669241 3.971098849263673
2.9496198673499037 3.9778462874692435
2.952020263521299 3.9811401470911063
2.9491383382362857 3.9773387688710606
2.9508351557420682 3.9793711980975854
2.9533184701738353 3.992363820981615
2.953772819573591 3.9902449140141787
2.9358834518993038 4.00636198093002
2.9289455177408374 3.969178427659741
2.912509306794831 3.971921010268443
2.9533498706237244 3.9916686156086443
2.9440491654681757 4.002999673289537
2.95374258128033 3.9885779576630056
2.908901671655811 3.9738190343828226
2.9030731673924475 3.9788529978217166
2.907038709408936 3.9750822033431294
2.900079207410461 3.984557547291314
2.947150639108436 3.9758059037958873
2.949955031369038 3.998043820292861
2.945567320517841 4.0019648354355315
2.9521695145626277 3.9945816672456744
2.901173984313006 3.9946483390895806
2.9009545653431887 3.9824344358721273
2.9338387582460523 4.006683310966601
2.9114211775597334 3.9725565050201386
2.939219032581724 4.005155269522402
2.9278425536995396 3.9692580046724517
2.949250486438441 3.998644700000447
2.950957639370852 3.9801740261077434
2.9026840239877423 3.9969369763755607
2.8999245099382147 3.986996875276755
2.9048009224856224 3.9992530177683925
2.9446433899224846 4.002270526798883
2.9121331235408503 3.9724364080263044
2.9488798590799306 3.998756248655286
2.9174528597300196 4.006012465682228
2.9487646668651832 3.9988318313554503
2.9277813387795377 3.9694784602577142
2.9294655977571056 3.9695739296203847
2.9154240081835807 4.0052965982931665
2.942923448656272 4.0030963083755315
2.9331253257713246 4.006468898735552
2.9513261608282804 3.9950915698983014
2.9079354157685273 4.001467019249432
2.9109202755816943 3.973324240470408
2.930375455412601 3.9698547597923652
2.9375462892443176 3.9713453036557675
2.918946220784339 4.006101288178145
2.947279719608746 3.999855591869485
2.908612458428399 4.001839935578287
2.9355510354536385 3.970802026549239
2.9117195616614326 3.9730202257226157
2.9198484923523886 4.006212975470197
2.934721521558375 3.970646016378306
2.9236675939559587 4.006700905968831
2.9067214373329566 4.000337350744592
2.90941155369314 3.974372767112242
2.901537863957982 3.9830960185422373
2.9026472777284935 3.981048224177375
2.9169103097168927 4.0054073301203275
2.9195043169517985 4.006023462241149
2.925053531152148 3.9699199399061538
2.9472052939996694 3.999558941052034
2.9358109737305322 3.971115312940013
2.9525736612692546 3.988591670898912
2.9239294056991567 3.9700751749941654
2.9066181213381244 3.999910479671443
2.9054639677479903 3.9778243726194886
2.922616257513834 3.9702491701617646
2.9304446314409827 4.006339246675907
2.9067921971381097 3.999797862833239
2.941892266685889 3.973729498835303
2.9010577665896013 3.9873468708032833
2.901057375578483 3.987693504733032
2.9093715678781695 4.00165277018949
2.952206558708472 3.988811091924484
2.9313858956098557 3.970526344329518
2.9513643970538617 3.983754002698367
2.9013007310581562 3.9860414766117334
2.9373039107129397 4.00468197456884
2.951305470850924 3.98370277623009
2.9045771723695797 3.9792680249676353
2.9085405183633295 4.000967224688589
2.9021525846535603 3.993199347523161
2.936808011621638 4.004765401941783
2.9262011952034337 4.006259939657613
2.950029947388736 3.981314597354234
2.9328035239177472 4.0056881024409225
2.927885488680711 3.9703738198908773
2.919326975940468 4.005457765804826
2.944891012822505 3.97584874485824
2.9209834626976114 4.0057246781497815
2.9437478139660285 4.001383776833098
2.9357767387892757 3.9717549261541154
2.923054303682933 3.9707440708811834
2.9409099168176276 3.973773545244164
2.913087758633197 3.9734864916843744
2.9090447747299346 4.000734144605861
2.903698436759573 3.981597873157873
2.9327621134235655 4.005290919677073
2.9424447901088877 4.0017974030713175
2.9285767456010587 3.970812711205955
2.942810398076754 4.0015675669228115
2.9035594502409356 3.98192474794373
2.9022012787443856 3.9854160173925646
2.9030429648136677 3.983177929818361
2.9034000969943135 3.9940555795228
2.9400431587595284 4.002884400940568
2.939575911695105 4.003062778167157
2.9507100409436955 3.9848588772870603
2.906515357458104 3.998169450855034
2.9354460294162603 4.004444334130248
2.949670952945734 3.982614838308987
2.938712340342841 4.003264826027296
2.90373810955231 3.982384556367558
2.945877485586089 3.9988300634040623
2.950793418691745 3.9869037369145452
2.9204356155998896 4.004785137717746
2.9502712871017183 3.991770472230078
2.915327731297027 4.003357272036955
2.941441544390821 4.001761144981989
2.949079766052192 3.9820502386507517
2.9335782815454667 3.971964272006062
2.9161935531168135 3.972937678103228
2.9490597811989945 3.9821010973294872
2.946032071264515 3.978235359465796
2.9222086296995533 3.9716111798764953
2.930920993489412 3.9716154179258583
2.9112484920059876 4.001261575054516
2.950388527737684 3.986339181571275
2.9219531499689806 4.004794597055924
2.9056323342841193 3.9961903836530084
2.902899257179387 3.9873366488675255
2.94149672536601 4.00138284893724
2.9250601406458543 4.004993530239608
2.941525201363532 3.9752522689764316
2.905588189938886 3.98064908957518
2.93333649711552 4.004284090825745
2.909003556108924 3.9993453235592495
2.9054222662844 3.9955324484973005
2.932338216815718 4.004438498603616
2.9335942155859427 3.9724226767448574
2.9044146656871943 3.9936356287639883
2.941692330529369 4.000990215327281
2.916265415546472 3.9734227146293017
2.9461443041299864 3.979208560434902
2.9366357627498125 4.003188513874997
2.9428614387136705 4.000129128120654
2.9398270974025085 3.9747029703440364
2.948547165030088 3.98283146339018
2.905153780671027 3.9945183289749266
2.9052228519422205 3.9819470430603836
2.949752183756452 3.989825479699485
2.9212684107862747 3.9723327277024074
2.9279980756381017 3.971922254740798
2.9045166584285833 3.9930370255448118
2.927474498120509 4.004612357964441
2.9340062961336906 4.003740812753119
2.913504193742174 4.001672189503909
2.9038486792163813 3.985897591983015
2.9495725765266947 3.989681939905646
2.924538154264937 4.004471427784206
2.9464243778643118 3.996527359825052
2.928418161334149 4.004451916965278
2.9207082623763796 3.9726215616532725
2.9038860825236106 3.9863926545705697
2.945447794583674 3.997509394956417
2.9487632479873533 3.984146389918176
2.934503747135976 3.9731328085348796
2.949355478180715 3.9891732577311343
2.9399648318266696 4.0012199683114025
2.913656226842779 4.001369577332268
2.9178114449978523 4.002985539983891
2.904772715839965 3.992279857526187
2.9204678259848866 3.9729407376371064
2.9383874342940977 3.97468618571556
2.9236644271816425 4.004042208642908
2.943614166013828 3.9986648566464877
2.944441009312924 3.99794519831475
2.9266402242207104 4.00411423973996
2.914719781720497 3.974875568116851
2.9299991457976815 4.00390557444268
2.909684762234658 3.9984960020856084
2.9103433639026353 3.9989952382822356
2.9419092349418485 3.9768691783904364
2.9143145146208744 4.001330779005124
2.9321478970785666 4.003472295945653
2.90916535597413 3.9787107053114212
2.91208446290901 3.9765407374517183
2.908064239059038 3.9798627215556808
2.9372287605387624 4.0019307302161105
2.9414298037172255 3.9997599308525134
2.9104219061233083 3.9987192116545143
2.9451019369422378 3.979909972509025
2.9047972043808414 3.986963509892476
2.917052257195196 3.974348643598955
2.943477878849038 3.9981110953177335
2.9055078740527147 3.99208883998599
2.9474524180661286 3.9837796112846284
2.937623173483792 4.001543297495537
2.908646563532904 3.996876287203638
2.9463535338238867 3.9947213137171613
2.9177610025661878 3.9742717061867614
2.9049948159817256 3.9887891763692087
2.9054834594177077 3.985149211353382
2.9426424978028143 3.9985376459887467
2.9431380851775595 3.9784189216391006
2.9353611826529717 4.002212967725833
2.90749595810372 3.99512047865172
2.9052608304255747 3.989148389207994
2.9219254232848924 3.973511275391398
2.9069575620126433 3.9824448957461636
2.9432724796917302 3.997696214962743
2.9476930005354856 3.990445394085906
2.9155783969566373 3.9754423552835867
2.908329552095654 3.99580925553514
2.906245366225991 3.9843003898625495
2.9196949249360262 4.002315650692903
2.9065327473139875 3.9838964595886535
2.920640833331764 3.97400852148292
2.912614104665672 3.97718502902832
2.9435549478137135 3.997029435719441
2.919431837882815 4.002174396136462
2.912578500654221 3.9772973678831383
2.925297086793787 4.003038996669096
2.945334811312505 3.9817290019298692
2.9217848037448872 3.9739621953808264
2.9082557886699143 3.995090336123699
2.908016741131229 3.981827684135135
2.9066214071162575 3.992010225416098
2.9061594047940322 3.9901892582471343
2.91274997616726 3.9990561576668737
2.9470071698340217 3.9859845940410477
2.9076674491585854 3.9938964716818317
2.9344240398929493 4.001662884516438
2.9429887117491003 3.9969131321305005
2.94597996836349 3.983694004282472
2.9314418838421865 4.002277789838517
2.9469488689604493 3.9887322839694486
2.9389273032785326 3.9768703404245094
2.9244002890180307 3.9740839401992183
2.9374984414218206 4.000272146972436
2.908457470338039 3.994336705153518
2.9435813867851244 3.980640226773697
2.939909078274227 3.9776086535098094
2.9465594854700594 3.9866936406330034
2.9199297118041736 3.9749135150432604
2.937328614788851 4.0002183224049395
2.91781394002115 4.000945664950928
2.9464945157329674 3.989837187350674
2.9392211312804077 3.977311390326858
2.9459876069036577 3.985009240379415
2.9188774947443026 4.001164166485464
2.937564422561149 3.976611443974174
2.9407139017105055 3.978595627285851
2.932846049515235 4.001390395326421
2.927553996935239 3.974461752714782
2.9211461093293263 4.001442316020336
2.9311481799434995 4.001605018141055
2.9137534262181664 3.9985153812289465
2.9129200672354583 3.997927850175982
2.9355902841039345 3.9761763922757414
2.931899114656244 4.001329447497437
2.924540660492006 4.001734140806585
2.9153788600844934 3.9990772734398954
2.910351182175771 3.9951338526025904
2.9367837144747 3.9995846855431987
2.9369071527111403 3.999451407492856
2.9265761871496005 3.974935289221933
2.9078646933062045 3.989204818377237
2.9142783281620224 3.9982804724069525
2.927293159354703 3.9749893694584886
2.918601610379936 4.000222345200684
2.9409495007025352 3.979760062276218
2.9087992691072753 3.992118688936415
2.9414065332876107 3.980208709401203
2.9092457106259935 3.9929891284219545
2.940459065415246 3.9794480368729928
2.92550856533793 4.0013860104213475
2.921925578819372 3.975617269874575
2.9416165403657324 3.995794629847775
2.9449283789415635 3.987049125256316
2.944959686975805 3.987740050621067
2.911134164756189 3.9950996508830783
2.9309132123692674 4.000815905347583
2.926289769612496 3.9753689912301025
2.9293317337562246 4.000972660442137
2.9425914407397142 3.98210738117538
2.9119752271839516 3.995823300904377
2.943285039987515 3.983157578901954
2.9215292970069795 3.975952583913046
2.937711802868301 3.9984088975160934
2.9155159044924037 3.998287425258015
2.935468491414958 3.9771476495963007
2.9439908089401614 3.984936523016533
2.9283008725465702 3.9756678219884085
2.9329388207706257 3.97643518729435
2.932205521024656 3.976256495263627
2.9356732768469205 3.977419748473055
2.9391476643909047 3.979366835815177
2.910716545129911 3.9827404170937344
2.9441280022079948 3.9861930156665073
2.931641170199222 4.0002740506973
2.9092095311231807 3.9902810946016674
2.940428298291741 3.9960365779729807
2.9249181070132355 4.000659907803228
2.9245564771606904 3.9759822703466217
2.942287345890194 3.982819073840037
2.92623499342534 4.000548628379777
2.9207470248925 3.9998245291956724
2.9370778356222287 3.998063937827113
2.9439193029542006 3.989130787143952
2.9255521855141837 3.976038364079118
2.943862103242922 3.989042965941662
2.9345513921894053 3.9774116353937
2.9119681518967724 3.981897870986267
2.940606252780543 3.9953532677770225
2.9217061265204176 3.9998476380233003
2.939647019684392 3.9960372145300975
2.9421981789573857 3.9833460193328145
2.910982769928516 3.983603784164033
2.912992732134029 3.9952558273071563
2.912592794173353 3.9817173523706035
2.9192031138073182 3.9988800292529563
2.9403546032322425 3.995051660474081
2.9230324464229565 3.9766874086079183
2.939561086028008 3.980722536003117
2.943355591218712 3.9886342124938814
2.9253434988386293 4.000009021238046
2.934019570404443 3.998724015648509
2.9137142550935042 3.9809448135172896
2.9259233666121425 3.9765658822249854
2.9355501647298823 3.9784046819465053
2.9279805641953756 3.9766051128549367
2.914489406962158 3.98033927190316
2.920194332476515 3.9775091919770507
2.919729199659385 3.977662496756551
2.9418518573271264 3.9840180171576414
2.9113294930100757 3.9921812870468516
2.9356903320560974 3.997816899052194
2.9412083180414443 3.9933467720853075
2.941599406002994 3.9927148165193747
2.91698884449057 3.979080379676468
2.9420244067147876 3.984817807279861
2.919068556094474 3.998304647023109
2.9123714115262884 3.9831637804487627
2.910890594735915 3.9864845916286464
2.912560177633696 3.9935232972771435
2.9135809528812677 3.9946406946757183
2.9246413076782094 3.9771780869540105
2.9409869309859387 3.9927618642185054
2.941092022139581 3.9924153888656915
2.9205456478941425 3.9781002087808996
2.932978432262118 3.978195706828857
2.9277517334372023 3.977288195769437
2.917378998372363 3.979485921012487
2.9186711706790525 3.978912560083687
2.9418941580236826 3.988054830955859
2.9184326581506985 3.979245234866934
2.9121058159757744 3.991226550483189
2.9182343167474913 3.9971250642913376
2.9240560356368057 3.9777375279242992
2.941409747078988 3.9902722188206443
2.93612634635798 3.996403200654137
2.913457495964179 3.9931633115247527
2.9210621965166848 3.9785237219712224
2.940940391766356 3.9855551495582056
2.913738768087788 3.99331187871533
2.9140729944972303 3.9936792144856392
2.9169589687305324 3.9960874466219667
2.9213018948702407 3.9785626324558203
2.9273836737299552 3.9778661665155086
2.921037114767245 3.997830354445632
2.9411136313284025 3.986618534072832
2.919587501992085 3.997309893879202
2.940325632855681 3.9845954136367867
2.9212452347046813 3.9978308626708348
2.9132434525011375 3.984333261936616
2.928358545433819 3.978111639180309
2.939320841915345 3.992945103761232
2.9257427116886503 3.998161291249014
2.9365932361510634 3.9952628025246026
2.940591417321313 3.9875978405307357
2.93613782107214 3.980994052988292
2.9182533972962115 3.9961407499434074
2.9165988196716937 3.9950894805042036
2.9206675840505074 3.9971466627965473
2.930690401624368 3.9976519345548045
2.914969331075403 3.993546871817632
2.9267181004167244 3.9980444333990643
2.9382922542022403 3.983001960704753
2.919104328477017 3.9800886693913267
2.9144824067344333 3.9836913816180335
2.9365408223652474 3.9949295395011086
2.91361296698841 3.9853766708220606
2.922580131365626 3.979087811644453
2.9131997113316217 3.9893616316004445
2.914270261550295 3.9920472493332397
2.9368377547323288 3.9820622643143393
2.9287001423445993 3.978866070998638
2.9132875316837357 3.9878706673013706
2.913401677375811 3.9873390545036287
2.9154700427506457 3.9933242287260784
2.9198389723141083 3.980173145114203
2.9155422060957736 3.9832180428695354
2.9215003877922197 3.996817593241501
2.9322669789482774 3.97981910835425
2.9396857031805297 3.989387586602848
2.936665280058283 3.982233683300997
2.927647828248997 3.997500337935192
2.9180851378642023 3.995268399894119
2.922078229089362 3.996900575771679
2.9382630986763565 3.9924367191584658
2.9386516674677976 3.984674192349101
2.9267170146076147 3.997376894332132
2.935066903667017 3.9813685189255725
2.9321327472915657 3.9964433192669873
2.916926322791625 3.9823272273507238
2.9158227772996326 3.9930742550668508
2.924190897076701 3.9793564750478865
2.9380964849284856 3.984403169566205
2.9361634659599964 3.9825031013781405
2.9275041490086102 3.9794657450454745
2.9266051732878355 3.9795003504115125
2.9286606893218474 3.9796578293668516
2.9352417875283674 3.9823464995425297
2.9154556956589213 3.9911523461435428
2.9169510564117602 3.992989336324097
2.9294411425771205 3.98016272635601
2.921890031593143 3.995799717574248
2.9347039095525664 3.994212288432459
2.932147923695025 3.981031454873931
2.9357530742590194 3.9832204758957865
2.9159532905336096 3.991260661112963
2.9232488916565806 3.9960103539054757
2.937870950852642 3.9864767890856667
2.9364582425349033 3.9840072614781583
2.928804295346495 3.9961751114391015
2.9264071597696795 3.98017871454042
2.9253287247945874 3.9962140512498565
2.9331516115110077 3.9948104872424057
2.9342186335896576 3.9940438718498332
2.926657834209511 3.9961302296058605
2.9160712081096745 3.985751306658205
2.915868142400103 3.986851697446517
2.920114835437518 3.9820528729764626
2.9307980964316274 3.9952865291527955
2.920419625583248 3.98202127176317
2.9371709058221738 3.9873524772609015
2.936114146202658 3.9848980549493493
2.9163657616254457 3.9865372558963053
2.9195064687405226 3.9827560349071462
2.9206525099360516 3.9943165397716562
2.9367392940990102 3.9865481177241877
2.9244440132130327 3.981060478829318
2.936319570503051 3.9908191967751527
2.9347790388992587 3.983773894022706
2.9226000139365107 3.981598512865114
2.9195257105710173 3.983061650316234
2.935045837928625 3.984152791678007
2.927819153803733 3.9812930641616533
2.9319939558759702 3.9940533981311734
2.9254379689894416 3.995049401735713
2.922080610920127 3.9941551643979025
2.9356720923599715 3.986303954577737
2.9329718017879784 3.983379107736163
2.9251318371022403 3.994661212388009
2.932757601757081 3.993097102675989
2.9281779511746437 3.98183077749012
2.9194130884755807 3.9921651932247944
2.935628926124302 3.988305756850081
2.9194295817263365 3.9920223102798618
2.92785648353121 3.994442471890319
2.924159141138131 3.9822495398593802
2.932745287740847 3.98388004479382
2.921574350997794 3.9930004912399895
2.9196546890571224 3.991533891533522
2.9340515518180954 3.9854536485602328
2.928941899771394 3.982583711623205
2.9220938256682647 3.9834773279200997
2.9215531713965905 3.9837703464054286
2.923864875979873 3.9828700535609367
2.9199455918331405 3.9912861404061504
2.9226281246797012 3.983385218987449
2.927855125866122 3.993658690463654
2.927910092083575 3.9828159115295447
2.9315842743098415 3.984224143893455
2.930088528921837 3.983511847129671
2.932085846472381 3.9845812758604464
2.93259443300161 3.9912911510659743
2.9256794106596242 3.9830740127993574
2.932234392421812 3.985189710545671
2.9212956727104125 3.9849986985280466
2.933625411113013 3.9881106635227015
2.9315586030730003 3.9850041678826065
2.9332132457442945 3.9875252996488406
2.9227971552853766 3.9845300945979987
2.920318528414525 3.9889958871769235
2.9328412346361326 3.989278218113034
2.922846424160473 3.991735359648252
2.930678047874664 3.985022852906665
2.9207203638387886 3.988297723230847
2.921522171339927 3.9902938214188994
2.9243254928121107 3.9844502467181857
2.9225921695711765 3.9853241667254364
2.923315638440182 3.991506645062794
2.92120190573317 3.9884261440049054
2.9212505765104293 3.9884175868212983
2.9275705398029714 3.991977709549583
2.921353621304613 3.9888140153467075
2.9310285614929175 3.9863025999843
2.9234985273806187 3.9856861482217605
2.9229988806917095 3.990056621220867
2.9230142765114366 3.9864979488866705
2.9268113151549753 3.985267369152603
2.9304987241820206 3.9871477884927033
2.9302153412228833 3.9896444130173863
2.928284508303134 3.990660329981047
2.930297051178967 3.988911020070981
2.9298152470515397 3.989677876092162
2.9288760545222585 3.986306800746619
2.9290591501823595 3.9899280135104522
2.9232470776493114 3.988267034236195
2.929903212545521 3.988413779875332
2.924924171939189 3.990106325972302
2.9272660912332054 3.9860750958752136
2.924906314404215 3.9866816336569055
2.924167890086358 3.9873602963648684
2.927379973124477 3.9865561171983916
2.925378798167303 3.9870763344488456
2.928495508527583 3.988443737964814
2.925882071178728 3.987137168379185
2.9259122360569654 3.987220174705225
