m c
0.3795627136871352 0.7212042811086175
0.6057119433201079 -0.3603597619530614
0.377563499085935 0.9820587265095813
0.39787072384378847 0.9760715526024342
0.5654441164286721 0.19927739664560384
0.5812007308577466 0.06286523712680214
0.4422226613953527 0.26674168614578164
0.5467717210824556 -0.2379367543117339
0.41925147055545076 0.42470999603526804
0.4299380460465538 0.8852740947074644
0.5999792538041107 -0.25211236498763623
0.5608821447018423 0.2089036007326457
0.4169662392723794 0.9047820420594288
0.5457733746213367 -0.21737086679422113
0.55903124576192 0.2097839954850378
0.5598835471228458 -0.24430773857037158
0.4550216833515287 0.21856080482568085
0.4677831047961235 0.7158157237013789
0.5370664888482424 -0.16877947264330917
0.5216937153197846 -0.10884257841872302
0.4486939542725533 0.7847350854505768
0.5835663627117466 -0.04204270336180693
0.5598586656933975 -0.22893595079332996
0.4427688857980216 0.8012755875719879
0.4737310092502942 0.12543219424362828
0.5852535831313539 -0.21415528840549336
0.4189838816082819 0.8587593377478768
0.5708048978626132 -0.23193916634877176
0.5453786238637097 0.27441121498997756
0.5023751754932289 -0.015319056550047616
0.5344385393207874 0.34436792737375166
0.5760422424184575 -0.22500279275816215
0.579028900098486 -0.2188818909215846
0.5732416014894186 -0.22414077124581144
0.5723442041137743 -0.22205508689495534
0.3972072929894513 0.7482283983124534
0.43911844054905724 0.7979586869303681
0.5126060025604775 -0.05329867138756561
0.4883873305418829 0.5977773927478722
0.501629248812343 0.5301928858130585
0.39806419856230985 0.7706306928850744
0.5764068707346355 -0.0062708197026482
0.42653997239247277 0.8261239011273691
0.398417939406929 0.7745789261919334
0.4101301019015052 0.84398085935827
0.5821623300505443 -0.15904340448405874
0.4440243477126439 0.3205157938768246
0.4379701831674229 0.36191506579164967
0.5529542345029358 -0.1845800175539376
0.498607679726748 0.015160706509309119
0.5773766903243496 -0.1942130016860666
0.49157837318393843 0.05190106580698961
0.40141772055710145 0.7923187858157075
0.5804055914642349 -0.11185055917954823
0.4652665946380141 0.6911204621932057
0.5221985886140439 0.40290484729949627
0.5440457539735843 0.25834695188399737
0.5741803790895905 -0.015386637982501394
0.5342176554002914 -0.11803034695112102
0.48312479988259105 0.10304946293467943
0.5684205443371183 0.047661670888731855
0.5761400027184038 -0.053150147174204854
0.5348011450314076 0.3159355207028738
0.4850265561365666 0.5940691206100075
0.5010439197689056 0.5128517142389639
0.5280332207050196 -0.09141458318109508
0.47713821641632154 0.6292878214417597
0.5013937631129317 0.018425892880977734
0.5532679159314585 0.17483815853780849
0.5759481205486471 -0.10232593218082497
0.4109601306209371 0.6269775211369968
0.5734937076688345 -0.03939587214427953
0.41461949240839446 0.5868848637389164
0.5745168419724439 -0.06581339840304246
0.46471409346568104 0.6775061918778835
0.5061198853632265 0.4801131526189195
0.5325679187616127 0.32099412152088025
0.46998559088625846 0.6550397224192426
0.5681300193340195 -0.16086125894805736
0.47094365139395244 0.6504623974718555
0.4718239546454247 0.6464912776038898
0.5617709176337246 -0.16247627700910616
0.47008157608522805 0.1857222255554678
0.549660900196081 -0.14386316783060504
0.43637840330119887 0.7671096411305136
0.499759966831313 0.5103305732763341
0.5695678993986708 -0.14738823917311872
0.5685918894580698 -0.14220783534064152
0.41382900706303233 0.7791406780123515
0.409977220992605 0.7555518853663008
0.4125867299899797 0.7730681308018057
0.562422823820498 -0.15043137529061368
0.41279609125332617 0.7735195605576384
0.5110195279271708 0.4446201431587018
0.45266560759177366 0.29739894713473225
0.5714844382238574 -0.11481708730770279
0.4982689677563224 0.5134151738906887
0.47501055269378806 0.1656271049079261
0.5619920260936596 -0.14556400948461223
0.4628408330748782 0.6715452390137386
0.45589256976338266 0.28232040369661693
0.5703520359422902 -0.06391254370228205
0.5156968321213726 0.4119254402698105
0.5642106274089865 -0.13407248741891786
0.4167982441523238 0.7635610128216794
0.5364714492544191 -0.09443937850899609
0.4211878995240512 0.7676931697968197
0.4850774993797416 0.1194435824012503
0.4301849167191557 0.4729352448501416
0.5060226827638908 0.462407314015409
0.43097136756202803 0.468540781430133
0.42521745033949737 0.5224430040484016
0.44964520633718025 0.7091723850639045
0.5109098165395154 0.431407417156322
0.4162917125316531 0.6319822648659907
0.4514030903879057 0.32275293689344364
0.41517936157160285 0.658490690089264
0.5658389045367976 -0.016152157468895645
0.41455496074262604 0.6875669624071667
0.4928014826917279 0.5248060059060382
0.547331152308371 -0.10630821329914708
0.4493464732433267 0.3402951077648786
0.49288156843803216 0.0900412693124939
0.5143201256810316 0.4058911746700531
0.442187545857739 0.39341155070221756
0.41928601084492934 0.7296378598753019
0.43403938533164965 0.7357426880646454
0.5527396124449144 -0.10685669731518033
0.41674213244903746 0.667598855322677
0.4667698143503077 0.23364695262656454
0.41794798546626427 0.6385254238192375
0.4254105567300447 0.5417571351343198
0.47411973404559166 0.1929116169796088
0.5314794937560219 0.2913215092001673
0.4543038098369648 0.3142695142312699
0.4224976852328143 0.5800350372840946
0.5335115002845838 -0.0648166177153382
0.5050474712921814 0.451207960008277
0.41919452291123976 0.636513550749155
0.4184900753094916 0.6619759365100366
0.46465628215815075 0.25160929983686575
0.47115943321669584 0.2133343036003308
0.5141278198183825 0.004607414685427802
0.44835850028348617 0.6941251405090592
0.43539156703299803 0.7219083523136116
0.538764784862409 -0.0734411139635549
0.5618737720019142 -0.055721318909697004
0.49702734699999884 0.08218248716576593
0.41977986994053135 0.665795350898946
0.4212124828671665 0.7007163843603581
0.42190080258707174 0.6094992173522762
0.5614652138970047 -0.03434003557323617
0.4845067718936906 0.1447582843569446
0.56125216430102 -0.04632952397192702
0.5441665411183177 -0.08074908608244091
0.537183991828094 0.2401718636930319
0.5061861860386424 0.042957812566212894
0.45341468813418107 0.3300180147606304
0.5455318417366548 -0.08015964089623728
0.4647408580575238 0.6331258017012962
0.5605663506506449 -0.0349747933126876
0.4415594748064039 0.7036454558252365
0.5497162593924694 0.13241970401315717
0.531507321597724 0.2777248764053719
0.4708030641906379 0.2236347305397821
0.5049174478714946 0.4426571981686136
0.543389427586571 -0.07301613358283765
0.5432329643347001 0.18716622135195404
0.4271435141626734 0.7101857271463139
0.48755856478573933 0.13503305920560127
0.42208622550867464 0.6500959553720023
0.43703265911993083 0.45935848167011306
0.42220167684183824 0.659020689490359
0.5367937206182799 -0.056649772482702865
0.5476330845100195 -0.07374569120014507
0.42620848552560653 0.5744473640332028
0.4230791791737443 0.668423740920804
0.5575091024605106 -0.047617487785144075
0.42292652499147454 0.6592062776474523
0.5451111983987441 -0.06676063510985841
0.47541125241725757 0.2036008572906125
0.4518363925582688 0.6679032310262367
0.44350239674253844 0.41281365041775464
0.43607098762164315 0.7002980242815182
0.43795411437171256 0.4582376421461265
0.5568272597794686 0.023599884087385004
0.4494476724615577 0.6738725102270697
0.5131389327410658 0.3883915538159455
0.4327305260686787 0.701072901674979
0.527004842321242 0.29945683928278743
0.42900671208185054 0.6961920612841062
0.4311208644346168 0.6986667781059177
0.4244953804615689 0.6222106829104095
0.4256884573851535 0.6803773990879369
0.49506989248923483 0.48711806208043296
0.5090466872356191 0.042186743682663064
0.4501427787670531 0.6698293723947293
0.49487309497233795 0.1053148017636345
0.5483171425987127 0.12776951570116513
0.536603665551345 -0.04845147461558619
0.5466346971668113 -0.06293850502665643
0.46614695341692125 0.6165522345069605
0.4311805485371795 0.6961297351760058
0.552170546039671 0.08413024659813662
0.5184526778970319 0.3529759762235365
0.5013055152291052 0.07675568837945068
0.49680644929262224 0.47612950330496817
0.4474358228194494 0.674086312297538
0.4614876939997049 0.29287058079914496
0.5019597754554205 0.07588042199023448
0.4262134114632723 0.6669627671500216
0.5233265213664426 -0.007103117754726274
0.5543088169200614 -0.03830885852886201
0.522603565715974 -0.004025025665982618
0.5427128661011915 -0.05229945786121659
0.5341293575394193 0.24145586483977777
0.5026259245247622 0.4419660052906935
0.46397833820708956 0.6195541793138029
0.4277905138007677 0.6710948765612721
0.4274638564138264 0.5922221087157173
0.4766565187411095 0.5683050157912581
0.48149109111414234 0.17868946206569003
0.5446223615783065 -0.051034168298082605
0.5208761786090066 0.3318498900121223
0.5182875041242203 0.013548311292260529
0.5263843854802776 0.29392683789576646
0.4275896916246671 0.5987520441137759
0.5370688957110386 0.2149145093753697
0.468295006180353 0.6001061354765564
0.43339857114296143 0.5208511513627281
0.4917193472609618 0.12881931900032217
0.5007096699000737 0.08715225666648285
0.5376964384301551 -0.03801341319619711
0.5094122632765234 0.050019041277338694
0.5119349013794123 0.039996096014796034
0.43355879831454114 0.5210896254646182
0.5425017873574396 -0.04416319782943412
0.5469752159077944 -0.04492190545780805
0.4652307242292244 0.2761744541454809
0.4305227924855596 0.5587096552235988
0.5267001746782696 0.28911898887497545
0.42769356941950665 0.6148193198464522
0.43278671037905125 0.5316459257394754
0.42785963192793763 0.6169253245140607
0.5114211477787207 0.3861539026045109
0.4996357909668351 0.09375050942263963
0.4648127073457141 0.28040349486013927
0.4373256520006923 0.6764699897477957
0.503670462097678 0.07621968698518966
0.5400091737889323 -0.03690259815046204
0.5418772726224051 0.16669389322719042
0.43792340807157004 0.6734917609165829
0.43178478582854296 0.5512122099876233
0.5121959442270682 0.37891744888039813
0.4579261264631498 0.32742872235039755
0.42868804003713845 0.6216610704935381
0.46476570017951 0.2833438547893312
0.42966703896599634 0.5895286166392264
0.46426299416259587 0.2868163244378392
0.5075015398592767 0.0625022365165604
0.539622143035231 0.184239032847902
0.5409844696040988 0.17218604619856404
0.5519020948035845 0.03917680730770812
0.4324694793678828 0.5465762960725091
0.4292817889721475 0.6199804598712984
0.5192641990129263 0.01916501974843854
0.42942559559725746 0.6147202657206967
0.4897960767538714 0.14530659456252204
0.48202636328399107 0.18583298469431497
0.5483558613754613 0.090079813621327
0.5172768287847996 0.34408101985325557
0.49312944953398025 0.12952264820377302
0.5132266966218677 0.3690487363442938
0.43791998879853866 0.4909510988667649
0.5146704417217568 0.037550851530066875
0.43004597880343526 0.6097948497636407
0.44397876590171237 0.6598618675290608
0.4792972831408346 0.2019790475852581
0.502478763575467 0.4302147393643887
0.4464357052326529 0.4175284058074413
0.45692149075923816 0.6287056551231776
0.48529551645037095 0.5173259807292432
0.5421615170129395 0.1533353113768703
0.5028575900013484 0.08695106937243047
0.5240289843154572 0.0076854633878009615
0.47094118607049623 0.2510382621445286
0.49366789927301064 0.12934220669471674
0.44219676648886475 0.6596779705597529
0.47160451179199153 0.5760544337581046
0.47152295520283527 0.5763019282967194
0.43572607194292245 0.6588580487239004
0.5286397478301185 0.2633433060618575
0.4591119074583652 0.6195905133379078
0.5421609612001833 -0.024474069055525405
0.4961891263743859 0.1188689428567371
0.43968943934418414 0.48068668783556534
0.5491035790284311 0.06188812811502853
0.5450518745223237 -0.021296547227926066
0.4553702966622175 0.629841157268547
0.5175911911393184 0.33650433680004754
0.4680343009391963 0.27162341378484234
0.4319056868617752 0.5899832042128437
0.46689925169153523 0.5909545986824356
0.4513569020005679 0.639016393864642
0.5095414075460748 0.06311966242754119
0.49007668957656764 0.4900168583396374
0.43760052545963823 0.6531242143778941
0.43375543143998246 0.5575768668158427
0.46847756232847526 0.5839022923865227
0.49069155533293596 0.4865367164648111
0.4326376129109167 0.5799702930334916
0.47923432217383594 0.2089047258693335
0.4828733365985265 0.18919148848533007
0.43531930138237296 0.5383018095902923
0.47307550385956587 0.24442713165871366
0.48735856403557165 0.5011644604121477
0.5345189576149096 -0.009274472512025289
0.5453391162480724 0.10315646613566276
0.47065159042968285 0.25958962621034853
0.43435856251013105 0.5572120852030653
0.5197209035936257 0.3181782392844825
0.5432098839242301 -0.011900000952310474
0.538267892974402 0.17583195353446124
0.490428409996086 0.15255540876184082
0.5450692650113289 0.1029355948753281
0.4655758316279846 0.5907054724251277
0.5121304433128191 0.3650161637186762
0.49193993500722455 0.47680495752833085
0.49979888758400975 0.43572570414440825
0.5471605395216536 0.008804236047792013
0.5292655513619777 0.24861970675147127
0.5458235656239047 0.08937274797374872
0.4727287038051087 0.24949688570377626
0.44338553295747646 0.4586557009804184
0.434801300635006 0.561078361762438
0.5443229440247779 -0.004090316754034928
0.5472021504145745 0.059648962030455444
0.5438541834369116 -0.005051607203592434
0.44000314948201397 0.4944803861569147
0.45966366013224286 0.6076935559847256
0.43521144237625575 0.6234922210284117
0.45950200675281166 0.6075481262967273
0.43433317684540806 0.5985674773031509
0.45283797367832634 0.6246639983576685
0.49247759582689277 0.47040902539384355
0.5335744667707277 0.20977891936433046
0.5212057549108123 0.3022602266073613
0.4868344563000349 0.4976025973660625
0.5047040135580866 0.09151834484886567
0.4530007667790784 0.38441807136977246
0.5408934298177849 -0.002664473906802023
0.48683758746977446 0.17533060013166546
0.5203743718487 0.30731070550079176
0.4992966790255954 0.11523825867040527
0.444660708767497 0.45344945200748343
0.505366766081398 0.08925001125481291
0.43514133911217656 0.6059765391693008
0.43506010208708173 0.6023144711868795
0.44776863684039714 0.6316213300125337
0.4896668059387385 0.16202619434964838
0.45177194472817406 0.6240914047911952
0.49062770500490105 0.1577068098167329
0.4575752544956127 0.6092199258443651
0.4683457805468084 0.5737857091044969
0.4899397588742307 0.48045596688014136
0.5155635573565318 0.052193341935210746
0.48046599535323364 0.21175255810391658
0.5431156972451855 0.1068558666925914
0.4748004423118516 0.2445643680050975
0.5208115477760187 0.30047421101800786
0.5221841837680504 0.2906284835285575
0.5220580760910689 0.2905194263196269
0.443541578359635 0.472512312992146
0.5430047661652888 0.10117630875853134
0.5305757259487524 0.2264023692763253
0.4370494519806507 0.6069952867060704
0.5357618978972934 0.18155291556810393
0.4880202264294049 0.17428360686077404
0.4917556770162289 0.4684078417220614
0.5384215173102247 0.1552073068164277
0.4450092987214522 0.6271411715029909
0.533828408634224 0.1976131081170176
0.492286949977614 0.46488311110291747
0.5105684423308725 0.36335819881303255
0.44743232100865526 0.4389920000718699
0.43702109165099656 0.5943617244041408
0.501925392390479 0.11008453518376005
0.47985317358495416 0.2195844709265673
0.47847333911009265 0.22784829477623525
0.46467586658302107 0.3116389031638258
0.4379687627677946 0.5551327468048615
0.536910523987977 0.012254815370497774
0.5140394492754814 0.06379509774732695
0.45383204994542203 0.38910823706319997
0.47938053236274536 0.22343120722607202
0.5420721412466976 0.10215769880040249
0.5178986277309563 0.05187723054507165
0.5421051482265387 0.02759448611603199
0.5042941544311609 0.10294265818366988
0.542895214835759 0.036867979492806846
0.46200149649723454 0.33220461853627237
0.5233258632005701 0.274485260728222
0.5038729857831412 0.10553870781211927
0.5318243633240043 0.2078404332517816
0.47880601833558734 0.5234196201039683
0.442436026843506 0.6149773899197166
0.5430609006492148 0.055356833925018556
0.44643512023176746 0.45574208278578476
0.43842256193500406 0.5708970868365233
0.5382667355952853 0.1445821287182154
0.5274906950521274 0.24233088980637563
0.5222230730510223 0.28146151819498666
0.4927473452397342 0.4576322096777612
0.4567183677226872 0.5994807130734205
0.4428482427807183 0.4942063758406232
0.48521164470642253 0.19489235304379005
0.47452502803707997 0.25438503691902525
0.5035004915929601 0.10865384356528285
0.48648780178227635 0.18879127661870276
0.4862120408670542 0.48867600420344326
0.4748348912134482 0.5382761639280105
0.541252719920297 0.10023653381617992
0.44331831592191895 0.6112929153850764
0.5398304406564092 0.02800385975434816
0.5408969506260917 0.10287730948944906
0.4854443253068697 0.1954659908043297
0.46320944922717266 0.5785376036989076
0.44742601873536614 0.6110904781004294
0.5317774573753433 0.20290336176029466
0.5239014504329065 0.26581115301693536
0.4687704423568453 0.2924233483598444
0.48421169239272777 0.49544192267110354
0.530576594464333 0.0279818435085617
0.535956675019603 0.025750887886263563
0.44078270579042367 0.5935828363178026
0.4400805744595593 0.5517132166964331
0.5224192191708015 0.2749733261476681
0.4570878052082955 0.3741824487102403
0.5086054935427353 0.09195681587011428
0.4497370962877076 0.6058681936710242
0.44332299742181935 0.5003106658929743
0.44819627625000363 0.6066149113597143
0.5263432239520469 0.2443644183688889
0.535719531621781 0.16075513444164713
0.5111914656981984 0.08295143096671254
0.5255824484736543 0.24975890445876248
0.45108878940986674 0.6029786041501835
0.44268075513903077 0.5987394843685645
0.47261600330709197 0.5422000110585579
0.49319896159353277 0.16001931840809336
0.51121280811178 0.34729135290145674
0.463216150694603 0.3327993721870235
0.5157207366627347 0.06870714404290412
0.5186814998970715 0.29819979357637605
0.5402195720156385 0.05437251876825844
0.44654518106439833 0.6015436016207323
0.5270665506176112 0.23439615959709803
0.47047333987375917 0.28691753687309784
0.49755629635596066 0.42441002369499525
0.5150603756450076 0.07283079088604882
0.4415646700336302 0.552697796125984
0.462143223682343 0.5730466974566073
0.5227312462351699 0.05222711805684277
0.4891732522662323 0.1839024402792595
0.4448958274595632 0.592148788385344
0.5270055499031758 0.23153673296872723
0.4914568865911978 0.4538877193828199
0.44698267422922044 0.4722880192168115
0.5391882647653656 0.08601715020458078
0.49090009734648654 0.4562592817303126
0.4441824090897551 0.5072710517045267
0.5391835291151521 0.07306879575449177
0.5147621046259441 0.31934759751112596
0.53545180224031 0.043200339970570045
0.5278493939044424 0.044323115917302314
0.5296133036067276 0.20694663620888054
0.5275895780521441 0.22430003524162867
0.47049306831464655 0.2910592362089579
0.5071452758828815 0.3665222961604382
0.448132874299625 0.592663872987921
0.486900917493413 0.4743318451589471
0.5361229222295492 0.13782607649830902
0.5107603207881649 0.09218880611273184
0.5067915261537368 0.3680708651058091
0.5377114432831103 0.05972152165194178
0.4940991917066355 0.4378409384214379
0.5368221026809097 0.12502356919793733
0.5185254981635586 0.2915452416781985
0.5378131302262722 0.10644202493609267
0.4735055994547469 0.5306811059228957
0.45264318729548864 0.5880546694318438
0.5070998993269482 0.10724995214428157
0.4990420231944883 0.41106350454273155
0.44756383731813143 0.5884521741371276
0.47385933293931315 0.5287911407671495
0.4563617893941044 0.5819856303508439
0.47273394603902386 0.5330227999123989
0.4534696206676675 0.5865151341141601
0.4859444048704895 0.4770495211264154
0.5332913238966863 0.16718102775369736
0.44327220241429816 0.5515044474876682
0.4440289089903475 0.5716349115438426
0.47355028094252605 0.2748241377362528
0.5373062871910137 0.06295143636912304
0.4472852731895574 0.5855784628690319
0.536598664569109 0.059031212518240395
0.4493050425437972 0.45710886997824707
0.451826356941892 0.5859929863621551
0.4820949228105138 0.49286928524348284
0.47012673614776956 0.5406354324331359
0.48483350634787864 0.4804495340709902
0.5326656955565203 0.04970657215915031
0.4445779429278589 0.5686239529132466
0.4667033080542154 0.3201069584532412
0.4668573629703144 0.5512918108473723
0.4859560322451262 0.2069194440031552
0.5083357231780155 0.10550875381253277
0.5286993289690667 0.051639369791688594
0.44810054499287544 0.4739716181179032
0.4968034375443637 0.42005459210572127
0.44644280289181537 0.49517110895895744
0.532984415250951 0.16360809146265431
0.5175799701683538 0.29349473710666985
0.5041643602363179 0.3786630081405802
0.49436919976843074 0.165875271298209
0.4585320734284556 0.5725408737772413
0.5251279771179539 0.23622205868859902
0.4860722608411603 0.4728594456478561
0.4447463801979737 0.530891839705951
0.44450750586982357 0.5475397411194072
0.4800073745668022 0.4996174564435809
0.512029642221349 0.09374922714354428
0.5164135882862347 0.07990268262053002
0.4502224559581586 0.5806237694794993
0.5340370956733477 0.1472878632808463
0.5138084062963808 0.08845627156461111
0.500180600784927 0.39992444758769174
0.5003080744148513 0.14023644154302062
0.46479132516193344 0.33666074437154414
0.5235512278957672 0.06289459583523849
0.45576223574836516 0.5739467027559009
0.45812951369161825 0.3872051309911386
0.5273485462528283 0.05876035521848566
0.44786299993017264 0.4861151647603803
0.46919205845434553 0.30850756574665317
0.5068028445095193 0.11540906059279932
0.4535430191029774 0.5756548684282206
0.4720215038841579 0.5284279162488046
0.4959264722049912 0.4208992105609064
0.4498675335345442 0.46329802490551764
0.4931395323367132 0.43524345132784603
0.5315518197473621 0.0606898296198346
0.4918408923717115 0.18196819203087378
0.5325140095726468 0.06294942597114517
0.49096287423933793 0.44546283944233434
0.5244795072310482 0.23493473825421196
0.4808983284974635 0.239980531777793
0.4462774296959564 0.5230600958189724
0.5353972033949359 0.09714452686556951
0.48159448632461466 0.4883243952675378
0.5345880008159384 0.07629910695145181
0.5229208161240315 0.24652017774055945
0.5094490696843329 0.10829698773678409
0.5346567688601462 0.08127302967401429
0.48122359613757426 0.4891971607213792
0.4854687745696323 0.4699610974873565
0.531846590349794 0.16076454525993444
0.5319138315143347 0.06685476416874137
0.48502185589833124 0.2188536209355787
0.4557559795762237 0.568229611259703
0.5084322898253708 0.11275413172806781
0.45331965175356526 0.5701743974901246
0.5273510577517078 0.20683172464342192
0.5344635085912588 0.1142740394847257
0.5342989546177437 0.11858860370997881
0.44673040788278057 0.5360071886332554
0.5270814320166017 0.20834187219382994
0.5257699654000398 0.06740291191374537
0.5175700223633992 0.08409200495245006
0.5265581454530284 0.06668675607877583
0.49129128135903577 0.44053002531624097
0.462454520262918 0.5532325411345922
0.46661555564841706 0.5415082887294247
0.44961603836137864 0.5630265940781141
0.5311991391066646 0.07037316112302872
0.5223486258862092 0.0744180716164009
0.45629448452484167 0.4105489354152936
0.5334891106419084 0.12892274458950936
0.4479327045918299 0.5517772858798424
0.5169032974040415 0.08748522436438932
0.5040964478032385 0.13176719007910975
0.45387808205510555 0.4329512012954235
0.5015890583572259 0.14212539828449655
0.4634742775134187 0.3544871700279133
0.5199825712656918 0.2647304505132251
0.53332018016224 0.12978697084099133
0.5338113685228002 0.09159003934322518
0.5059384170419069 0.12502652196870923
0.5295031068325469 0.18057207839774847
0.4475072400843752 0.5357390152965422
0.5267134069039079 0.07015337115024245
0.500961883807271 0.3875001919741736
0.4533622889588462 0.5634160100412187
0.5301671616953887 0.1702460607767491
0.44792619573485026 0.5220965285178383
0.45697061201348854 0.40835982808905236
0.475834771361835 0.2752204776839724
0.5328860840978134 0.12850676168012942
0.4628106843747598 0.5483661072451187
0.5332298307164365 0.09653872185896084
0.45177708750177625 0.45944716634941907
0.46676800951116826 0.33387769459087613
0.4945277558095479 0.42052929095911296
0.46027191369572085 0.5535781194759752
0.5329712516167217 0.09369238699707028
0.45325389677539374 0.44470091559786473
0.5330887351499809 0.10652077953639649
0.4864987902687134 0.45955799113664186
0.47704921533443184 0.26927502437005746
0.5205367627676989 0.2560457497815838
0.4488927261382657 0.5074951036811854
0.5104445014853369 0.32656178426581794
0.5056621250557658 0.3561310245895015
0.5321181251405814 0.09615097569868336
0.5191106027016057 0.08833348947861497
0.5018256502583044 0.14617051442555518
0.4491067339377536 0.5332219118820531
0.49844647848627033 0.16093120268968875
0.48634900638826206 0.458186990970197
0.47833926676210503 0.26378179359233256
0.44908475968244055 0.5265469749474692
0.44909583760580385 0.5274141664914325
0.4676117138400423 0.33160458772297874
0.4973000551701173 0.1661111153241439
0.48792225796037725 0.21130081341329499
0.502566442732326 0.14356501245584585
0.49875648444864107 0.3950474309183951
0.48208463671738144 0.24256722225237626
0.4505274025295513 0.5462721340726029
0.45225470594426165 0.5526016578225845
0.4623331869290862 0.370520902847264
0.46512842353890493 0.34992021432336395
0.47372967504673846 0.292629382054725
0.4542073293455857 0.5534391393418234
0.48549467153558257 0.4610331235925127
0.5297558059313171 0.16230235423896833
0.44953625044893886 0.5256755816567971
0.44973180597649365 0.5316482566467964
0.504637126938081 0.13662843428179539
0.5309390818176164 0.09336689035745138
0.4798118291128076 0.48521903273489064
0.4959083304964391 0.17412166335263946
0.48180947599159063 0.4765930615641736
0.5198002933340904 0.09030351734148567
0.5312066266690182 0.10007324374153148
0.49455169496462514 0.41556862396842886
0.5310988040383952 0.09918659698190346
0.47299553816807793 0.2989530496973152
0.5281422694738495 0.17861896344168127
0.46759538096953496 0.3347710974052771
0.5301643683684722 0.09257095077252098
0.507423432262917 0.3414755191715684
0.4527957063862067 0.5474017636458313
0.5018628933162255 0.37470686617632865
0.5311203486495137 0.10525163514371139
0.466228907263114 0.3450479820071273
0.4987964134090664 0.3917920516891864
0.46198505481704555 0.37724483492678385
0.4780036970570537 0.49073755168205224
0.5277296503429232 0.18005090894880604
0.4518063853409334 0.5381520211320843
0.4793820108630066 0.262394847049646
0.4629085475996367 0.5380047200138667
0.4531985183898554 0.46270014506135393
0.4537457696777467 0.5435703742533455
0.4569989053264645 0.4225974673099455
0.5284941222012538 0.16676794753743707
0.4627871860694356 0.37337588207455497
0.48965570044541357 0.2076708488346357
0.4683438566410265 0.5225389356431167
0.4595485590737983 0.5422507935427037
0.5219310331494266 0.09233465079509706
0.48248922163851016 0.2462887737806967
0.5190798953792801 0.25584918091575304
0.5221729100300573 0.09382883823809607
0.4839494674507655 0.2392653162458398
0.4811676973608051 0.47404300867430926
0.46415668627379775 0.5316798308042889
0.4691967777624523 0.5180613162635428
0.4582848990828369 0.5407492599145991
0.45859961264617005 0.4116956248054695
0.49325108598665895 0.41704934319144504
0.4742229309399828 0.500669121824378
0.46349180658200495 0.5323901319356352
0.5263766750691008 0.1861749000400641
0.4653028684846316 0.3579037647680927
0.45961780245795625 0.40377991164694116
0.489999217328601 0.2087047533569515
0.4543284911969099 0.5365661935916823
0.46180934147921904 0.38591042919345275
0.4965705299701337 0.39844451177456186
0.5255605071877257 0.09642234174034048
0.5165328554124972 0.10650602082874538
0.4558675720913071 0.5368360144609059
0.49693783887043097 0.39572487441013804
0.4699881629831832 0.32643537201754613
0.45309151915871815 0.481695270530365
0.46390631917237773 0.5288325448178459
0.4782046019274877 0.274955077395016
0.4880484983425279 0.440259038904248
0.4528398448142561 0.519268255944958
0.5221534093950837 0.2241467908539767
0.5196717212459436 0.2454136285589157
0.5031865947116717 0.15171132415317068
0.4602011583541668 0.5338856626952153
0.4531718871271073 0.48584773985050633
0.5146881318356794 0.1136689950828016
0.5260450371996269 0.18203136276438725
0.5024295361398539 0.36213219206547587
0.4897100134583942 0.4303809506002252
0.4632663436607789 0.5268910631886627
0.5180851449500943 0.1082909688255449
0.46297276700558976 0.5263921108289593
0.4657583028613602 0.3606758122130991
0.5260307740803777 0.17682575067957762
0.5004414074341679 0.16547545514988204
0.5080651830567955 0.3262525125291931
0.4587324783268432 0.5296191590632882
0.5021817351112499 0.3621079635359785
0.47639889440403344 0.28940918837808516
0.524562280460153 0.19324833955142395
0.45818299582519373 0.5293482185734919
0.45371947178099226 0.498408501466844
0.4864320763027485 0.44429468868584543
0.4622471769810485 0.3901122242517081
0.5177476456392809 0.2558528345852147
0.5074489731503713 0.13957492809090422
0.4778989220486796 0.2808644371575615
0.52581380213439 0.17600367950842655
0.5143681284259134 0.28155842542627907
0.524362747588629 0.1078496745246138
0.4906246990204035 0.21164161792871417
0.5177749141273303 0.11164547644959066
0.4690692169097598 0.5098827953001841
0.4954773987034137 0.3984858499447834
0.4867255102895391 0.44189967092502114
0.5165336259314935 0.26416222774364284
0.4550616373801522 0.4699140762669778
0.47858384801335496 0.4766613226945391
0.4553004380247078 0.517679353768902
0.5133227683314169 0.2875651394194625
0.46361330293944963 0.3816529114344607
0.46940265264414754 0.3381298101851664
0.4596079407266571 0.5246640756675425
0.48508324766121313 0.4481421462868007
0.5107450752570833 0.13129983251258892
0.4749376780290979 0.48881334366674123
0.4835723741766661 0.4543446474242012
0.4775656387859325 0.28573118749176896
0.5042608788911292 0.3458684181579379
0.5007005451376901 0.36694317874952054
0.4746090593822636 0.30463153712336766
0.48955933121085754 0.2198688357717189
0.4633249947209498 0.5180459309627459
0.51302482599361 0.12728980794637668
0.4920052845529179 0.4126201525091906
0.5254539015942963 0.12738815711463314
0.46449265456234407 0.5147376350410111
0.4620200323072668 0.40040705542763577
0.5218552365488787 0.11686425682807577
0.4671216279818929 0.5085543812008373
0.4568019789837786 0.45966593389213006
0.5043917108575814 0.34238262627720095
0.4596391590194479 0.4252111774790843
0.5191224138708009 0.11886015406094952
0.4989159718299854 0.17941869248677955
0.5224678628762037 0.20001635088193925
0.45847045640871564 0.513008336730854
0.46976948670077573 0.3415549002053635
0.4564316875249095 0.49907505791258444
0.4616700867210188 0.4070829729103851
0.4563530480476438 0.4792587111914637
0.45707751739352 0.4619730337085177
0.5179961353569349 0.1217402775545664
0.5181332242380977 0.24138360241558754
0.5236801446247817 0.12630809934542375
0.4736237523172629 0.316339802194022
0.4988825917680357 0.18124843893239273
0.4902222352258737 0.4178778180163141
0.4569817693935615 0.49705322430755716
0.46978867277988084 0.49806688912253705
0.4648979015904175 0.38118048857652953
0.4764667309265377 0.4761437221166762
0.46016718958489455 0.427026091737305
0.48933641352796203 0.42085950156931684
0.4956656628617089 0.19695215081351858
0.5242058860469461 0.15706013847983868
0.524106407187741 0.14818178104822177
0.46139546390677516 0.5081877574781384
0.510286304824425 0.14253106393397585
0.5226210197852484 0.13203414541343372
0.4996417526038583 0.3652635484954696
0.5097408290026052 0.3015413815456838
0.48014157500591265 0.27875044950456873
0.4644002969657915 0.38898705880252615
0.49473717537550066 0.20236484469674343
0.49770071093941126 0.18915629171768655
0.4854124449313004 0.43776492774882403
0.49277181834826705 0.21169253207808936
0.488880902962472 0.4215214851636726
0.47009714941343933 0.4936483157630871
0.45948851285468023 0.5028334854562639
0.4665267216834929 0.3719528470773561
0.5237003798932246 0.15604662565575778
0.47388200518675616 0.31901355189788205
0.5191427855682319 0.12920562450323958
0.4713470392083303 0.4892739817603804
0.4596541522915625 0.4410973775045126
0.4631477822737129 0.4030207182006098
0.458808095397883 0.49445933070676107
0.5193802944607762 0.13108939471512837
0.4633408346535203 0.40201930009698383
0.5129621444445687 0.2753779827161784
0.4612981093545259 0.423077277725485
0.49328813666398436 0.39765205952658755
0.48702936589083 0.428237450559922
0.459780738219373 0.44286260087921026
0.5034946021800499 0.16840308249507707
0.521546928849044 0.19136799773671287
0.46693557668377783 0.4973352329384997
0.46865399049738454 0.49377991325011994
0.4591774403521408 0.456516549228831
0.48839849648713896 0.4207405396664967
0.4890835861599164 0.4174357002335465
0.4901398439066232 0.41230747140633106
0.46065751937770455 0.4341322394785889
0.48232003803575574 0.44774717748936466
0.47036374497820543 0.4889529945370583
0.47390089049077555 0.47870446485317286
0.4597896810893034 0.49323535024421394
0.5223883180562692 0.1508720562119592
0.4893401732705569 0.2328981887363777
0.4752784606409393 0.3141148595992238
0.511058567764303 0.14717693777773366
0.4991186601062698 0.3630336128797129
0.5215257127947097 0.18284979690967074
0.47991801396899636 0.4557438201614259
0.45934993151906633 0.46832457526927174
0.5189511267106874 0.21688693657165814
0.45985258410682417 0.45434908225745074
0.4596004363792626 0.46063066469273295
0.5217903599507805 0.15240984486790854
0.4673224759402016 0.49270575541419603
0.4753931344200568 0.471516144281241
0.49917753642650525 0.3620228478302887
0.4802146428951489 0.4538506535216036
0.5103288872788513 0.1504488106495403
0.4982597658195256 0.3667971808385331
0.4672457109979149 0.49207574727982495
0.5217555879572242 0.1676274359320633
0.4599479273282827 0.4579644686992759
0.5216809672055096 0.16717500339695457
0.46452571270484216 0.4944697085150289
0.5014010206725548 0.18054576265325117
0.5215701357488352 0.15829219865196897
0.5213844502223238 0.15448388926126322
0.46025821115254695 0.48310590598091663
0.4611515824532798 0.4892862724518596
0.4682340229506967 0.4892820827106892
0.5105188940517648 0.2872539820592359
0.515295745630543 0.2479767001766069
0.5112982867599937 0.2804184506519163
0.5089816805474471 0.15663934338849206
0.4988651074884698 0.19244281818328712
0.5073879023299306 0.3075880775762685
0.4604854261226179 0.4669857607997887
0.5193239143486263 0.2035174763640022
0.4870534201895243 0.2489715932740295
0.48818922629312594 0.24323440133260377
0.5175161261971605 0.22373953352165232
0.5203004423614964 0.18578008028308624
0.46069700209743714 0.46742298258492054
0.5109215781486284 0.2811668608802407
0.48491668301702046 0.4306787580820566
0.4611542939347795 0.44979533987616316
0.49642511282628804 0.2044293605254741
0.517644844464722 0.22036214178085256
0.48037660092635326 0.2879083142018004
0.4656900500406252 0.3949561263039332
0.47023258323357386 0.48003228241119444
0.46119900115929857 0.4586333147131252
0.5106731934447599 0.15658824671125116
0.5114112504101591 0.15506390145308746
0.4707350863020293 0.35437618312047947
0.4671036430030422 0.38416816980792623
0.5178575471572402 0.21427804796165262
0.4988276238865279 0.1961187411272638
0.4616062538669363 0.4545552132877231
0.5183772270154179 0.2070977566667187
0.5186827947395619 0.20277918996984345
0.4777687139791721 0.30583841303406833
0.46221873593322244 0.440866924997811
0.5106859198778291 0.2792809065078541
0.47126700700808716 0.35119421652913774
0.46902012396534154 0.4800435321874059
0.48795226405665687 0.2478957373307109
0.5047794566195525 0.3202333704038236
0.4665282929038803 0.4822593674267899
0.4701088244631437 0.4773387680078236
0.5133536947319379 0.1538001016214161
0.46280745766711673 0.4347194213329306
0.46992240103742394 0.47745554320240036
0.4755650867968278 0.32160593985419705
0.5144797952073059 0.24603808385553672
0.4620202866443843 0.45734552051691235
0.5113307072487021 0.2724351941832972
0.46585318474531734 0.4809428181840998
0.5125620257066523 0.2619258203025723
0.46316255260821787 0.4322791008765021
0.5124517875763144 0.2627594197750627
0.5010165586618369 0.3426625910730605
0.4626786779558639 0.46936703806135993
0.5088414516857037 0.2905075904952428
0.5082890105743875 0.16622921531101342
0.4924999360319277 0.22728937950002592
0.4914015714429315 0.23258554412603027
0.46676953573906915 0.4782181357680835
0.46740623621353516 0.387207319209824
0.5084064306589776 0.29238694188192094
0.49927079724361784 0.19790551259921285
0.4944125737480126 0.2187883507890973
0.5150381786865256 0.23690753639661022
0.4880845518992687 0.24977974321092233
0.49094035439717937 0.3968047050472534
0.4932004293883352 0.3852332496543527
0.4632708771192351 0.4679886247905305
0.4766399485197739 0.31728905280703223
0.47056893537624495 0.47257284266721467
0.470694029434272 0.36017592997243675
0.46449736826892457 0.47448059478569826
0.5005908079430776 0.19327770302453917
0.46405143664293214 0.4721464440812353
0.5150961476285763 0.23414615525598315
0.5158264437630153 0.22563394598915343
0.5107052215209233 0.27270071593200784
0.4867926466931266 0.4146601633879685
0.5137692764780144 0.16086717393012817
0.5072869678481849 0.1726433540044745
0.5047785853799756 0.314874555854709
0.487893559921151 0.25302441499903194
0.5055450795483101 0.17794893698838044
0.5160249316323983 0.16319314232535165
0.4979757249461942 0.3567828352517042
0.47460707667902163 0.45985720413997866
0.4967096533755717 0.21125595295604338
0.4796563332782753 0.30058150360826286
0.49541365941220555 0.37080853807593384
0.4713005982265013 0.3590521399421247
0.4669889693149671 0.3973859002430533
0.4888316717036262 0.24889273185179706
0.4806862496574457 0.43882014900246435
0.5138775726828329 0.2419698391621461
0.4727362401362237 0.34867306838628664
0.4660415012997154 0.4088967879094354
0.46408157014998497 0.44512204427366253
0.4736389362182747 0.46052940941901754
0.4653973852429045 0.4199513376426083
0.46485539326666686 0.42859282907142715
0.5167865915786516 0.17603878300442544
0.4840757307656195 0.4235593261453072
0.5138265686739952 0.23878575734562046
0.5120066916515233 0.1677549497346238
0.5162587400321194 0.17397366789465485
0.5052434216869598 0.1825662950286362
0.48791802019987013 0.40588828252258136
0.4657191074911503 0.4625005324320597
0.5083997093902327 0.17479707604441863
0.4658785823717149 0.4184155082092893
0.5165947096555041 0.1929962313172333
0.4723498601420465 0.4606565625672805
0.4652416802738402 0.4301200740175055
0.49488487607160614 0.22314229829850651
0.4934156340096004 0.2298812150367282
0.4678682626406116 0.46467600730303626
0.49222243885447303 0.23558297892452806
0.5083109095846239 0.17594986034595017
0.5151291289530322 0.1729213505430467
0.4933607063417889 0.23033532786359512
0.5056399180603187 0.18326694557788148
0.514349668743429 0.22877564090170166
0.5054514565870574 0.3045225931638429
0.48836281819706484 0.25550294756203407
0.5071271287004235 0.2919877917744427
0.5152955640917469 0.21418658024658743
0.497703020205286 0.21228125345579096
0.4844197157343024 0.41910355545709166
0.4656793795625277 0.42962690082730726
0.47925239475353104 0.43896454801242246
0.4656120200113484 0.4335769579665558
0.5158092483195279 0.18647217485407008
0.4789374335983529 0.3112417742410152
0.5131602612126008 0.17327734160982455
0.4879962380021719 0.40279395674630836
0.5034499019928274 0.19178256949096273
0.4777401769674895 0.4433710064759784
0.5153680919133881 0.20811777792223962
0.5148266861183519 0.17883825009042464
0.5133166619803297 0.1746861737389862
0.5111310427451122 0.257661303970262
0.5155141702138544 0.18783418029636811
0.5048579876666606 0.3063189609515944
0.5028493539923549 0.19444020918532612
0.4742358374426697 0.4524835251856323
0.46716297078145497 0.4562284408801811
0.5153397576979645 0.19023361483622425
0.46619064290706425 0.4323385577100045
0.4752627226663528 0.44874240764745243
0.4790236182550509 0.43719983679209706
0.47830142346201887 0.3179850917262539
0.46749661709937285 0.4103721742371369
0.4724144393531998 0.3612137412412002
0.514920414563218 0.20375767883624984
0.5083763475472975 0.2773826020415209
0.4680602458587494 0.4535164047091178
0.4739140946518083 0.44978291471348486
0.46913961975411156 0.4542390700324326
0.4741321926777018 0.44917237051706804
0.4720208217151747 0.45252592249648327
0.4983414522587168 0.21422187149122562
0.4670526628253423 0.4255854061326678
0.4677877843352608 0.4493664689528263
0.4673671851610228 0.4456235545512759
0.4759403962622505 0.4433590320974936
0.5077055519646255 0.18635186381628177
0.492853556118569 0.3740356384770891
0.48559665416602904 0.2766718383754143
0.4682665051846841 0.40952680743323144
0.5125316576387144 0.1856221940864926
0.48742702670666793 0.39960484262488505
0.5137339572221237 0.1999785705667434
0.48928071024968367 0.25864823128064174
0.4685751313250971 0.4116862239535095
0.5107133996983755 0.1871763516723468
0.47191691697381266 0.4468952722747921
0.4763717321128383 0.3374745824916747
0.5049401826222417 0.2974258869726971
0.47180647796716346 0.4464135759567416
0.4695810708014302 0.4438389250793673
0.5048920995667632 0.2972231327154833
0.5095933655282693 0.2586705606375288
0.48612454268502114 0.403075582191442
0.5099028659795646 0.2549806937884842
0.4935485901680945 0.23938548866057596
0.5074844602260915 0.1918610008824979
0.5050078812883663 0.2957845449469829
0.504544666908805 0.2989243840390188
0.5116968116483563 0.23367358768488566
0.4761116201156482 0.43741079662117066
0.4798980348232237 0.31500797215672405
0.49768496195351675 0.34321397319577507
0.5084267463874317 0.19179328147645602
0.5126742097081148 0.2064558308978044
0.49629183393134685 0.22871183105980553
0.46947639759101123 0.4360751436858763
0.4893840662012355 0.26123785233410013
0.4740071602347795 0.43970750989811336
0.4897193067256705 0.3842922055805684
0.4977554826225349 0.22392654770016618
0.5121389848835843 0.20856145057872144
0.5107807298515412 0.1962435420056141
0.47004021455368256 0.4035974820232737
0.5069954495519795 0.27623770900925404
0.4898419992643329 0.2603908191002855
0.49317427385775275 0.3657147224596513
0.48347656923769683 0.2956178362823598
0.4793069933012669 0.4248791701121095
0.5103683014867629 0.1991441998731034
0.4825726175604703 0.30185813720543697
0.5034713306386243 0.30181244389294815
0.47681756767744216 0.4305071993021672
0.5061622708790086 0.28081071028868854
0.5114139102495897 0.21540461910686703
0.5073215017335498 0.19944900665867538
0.4726243021588589 0.37783850021773224
0.48625157464546265 0.28151970183095054
0.4880459136646504 0.38866000271560086
0.47253765412515814 0.43325009773711676
0.473686273610327 0.43319919870026213
0.48481323607394344 0.29067519838754663
0.5101768555050206 0.20590991268049041
0.5097358649925278 0.204184477227086
0.5034465214671867 0.299020650766582
0.476917551237346 0.4275331925082013
0.48580109152347667 0.28542090460707525
0.4997608164591083 0.22086251711685412
0.5105279067619061 0.2221916001340376
0.47264167527742434 0.42931685460872293
0.4712618459260506 0.42226469714113035
0.5056463297785254 0.20658209228364166
0.47145170411588144 0.40245663034885437
0.5074193135070444 0.2637728670405384
0.5066725382355732 0.2059488728740737
0.5013278020461532 0.3114098908814791
0.49705213389058067 0.338564380207969
0.4850295378347127 0.2920154961368633
0.47161755009976636 0.4034181798169403
0.4745765594173284 0.42723462966085046
0.47267542385743827 0.42543490275030393
0.4860057034317904 0.3940993907753958
0.49157076776188846 0.3681517683442097
0.5050239087089371 0.20966069908582963
0.4836268174460248 0.4034927582723724
0.5041504823056716 0.2898966754642127
0.49084922786150775 0.2614863817137314
0.4939770941587285 0.2470074586552342
0.495893868569052 0.3441428745521229
0.49382319470930053 0.24790025972583773
0.47191993631078283 0.40494149417776537
0.509349336116179 0.21845824705321526
0.488410850312116 0.27492555088524906
0.4762732714413952 0.3543715303378647
0.5044315754513391 0.285872299959113
0.4801271582429264 0.3253531209256555
0.47316491493326274 0.386068915560958
0.4983556420487265 0.23047637983379898
0.5057873382928281 0.21140776686696983
0.5081663014914267 0.21456824076558734
0.5039459926663735 0.21519648985676643
0.49722384470799713 0.2361990772260678
0.4737139021972424 0.4193089399387908
0.49079212582005605 0.36889116510767295
0.5086725585626815 0.2323526859583338
0.4997998669493088 0.2274032478293777
0.4994147119682902 0.22874167975485582
0.5000264632141935 0.3149763643466783
0.47303954032202844 0.4109257344781758
0.47511153352819163 0.370568770873168
0.5019476915161512 0.2225334913035022
0.4814739030992239 0.4060226974067973
0.48506919381956026 0.3924482395141937
0.49654584604133517 0.24125528398387663
0.49829393631281216 0.324493348260523
0.49725919652120804 0.3309353869987941
0.5057660227723392 0.26705662427897314
0.5071143144646612 0.2510022999082264
0.47441765950357956 0.3818345420936873
0.5023797012002421 0.295869668082529
0.5019575392302967 0.22409825902303382
0.5025585951442473 0.2941255037617787
0.47700684767215984 0.41443334452236735
0.4951607239631838 0.24769225312625975
0.48034641142992307 0.3295551934440266
0.4758788460186496 0.41457945630349835
0.49904272591382753 0.3185978880394238
0.4988363877758351 0.2342117265124135
0.4846608090510097 0.30166581087617983
0.4771966566187902 0.35638339725736756
0.5057806429292164 0.2620720344604819
0.4892927514163532 0.27684021091417854
0.48623965405388814 0.29360283441425494
0.47755748949849525 0.35374440732348233
0.49050004535643354 0.3656473986970732
0.49361031706099373 0.25622940598781696
0.50603733494943 0.2572021521727903
0.5049944333225729 0.26858173198910107
0.4748087213976836 0.4042770874870554
0.48726780227609207 0.37970738872271026
0.479471605121108 0.4056175115384062
0.5066803336068542 0.24004149510391226
0.5015433258845785 0.29647757293730326
0.47926611888817644 0.4048002303497844
0.47580148462463084 0.37785278701124003
0.4782449107933679 0.35193622396824553
0.47546830863180445 0.4018696853498769
0.5035520234286306 0.22832380956809484
0.5060575289779863 0.23498341236122444
0.4964156500362296 0.3303068059917984
0.5026225489954108 0.28633643345787174
0.48174581135046357 0.32608563636449484
0.4935867939821876 0.3460226985835164
0.4757281751509907 0.3838494592951167
0.4851960050921731 0.30367294848862425
0.5049057576727964 0.2318384960960942
0.5037994793958166 0.274076650091136
0.49947089440916437 0.23865645845183492
0.49264233734021334 0.3506102503001651
0.5010588111091121 0.23500304242912895
0.49992646719299516 0.2379577088269964
0.5048860266368081 0.25987754762137616
0.4766836374991852 0.3726987938528752
0.4897900385256216 0.3643115185015553
0.5052824432672408 0.2514531506402027
0.5008596411869299 0.23685202002696437
0.504280147219023 0.23489353475765595
0.4841470752951952 0.3123099430742329
0.4913294557394169 0.2724707485252553
0.5027997342985389 0.23470954989435633
0.49932549154484696 0.24167626289960698
0.49196672311407114 0.26999269618972654
0.5022076736237859 0.28458137613611667
0.47659503232749734 0.38559609438741926
0.480140285161349 0.3963256942970528
0.49405548390977316 0.3400053193203112
0.5026253547406896 0.27930887391734016
0.502504589366295 0.23757434662869592
0.47790392975921614 0.36657884478120417
0.5006969773360106 0.2942183652588426
0.4933999846385273 0.2658223336624901
0.47777996748870394 0.3726338931081279
0.48556991065714844 0.3074315733026354
0.4981567371715878 0.31178386166238026
0.4900285364619177 0.2826147917512012
0.5031309649081178 0.24343842814963557
0.4986292739361531 0.30820627895470887
0.4777463914325203 0.3757118484860258
0.4809837629308799 0.34009175753619747
0.4973608455082091 0.25212075928407485
0.4944777122642566 0.26272857443106323
0.5030808573934699 0.24565844839574735
0.4912728511125629 0.27731208564766296
0.4968134769744143 0.2557463193441474
0.5028059031676795 0.2495238734857428
0.5018047921714055 0.2775791204059521
0.4973247400756158 0.3133098599504822
0.49210714940819195 0.2761850183508021
0.4872888418219977 0.301370067966948
0.50237321541035 0.2652705661696366
0.5021799722307302 0.2688330741499083
0.4858692838494225 0.37219328573191124
0.48248486797121826 0.38143026189449847
0.48507250134854973 0.373758478453007
0.4814908220329833 0.3434983936403224
0.4885673024358827 0.3599522639453787
0.5019309169709486 0.2588349292225276
0.4934465604250588 0.2730383600544304
0.4891293510888942 0.35625902520183805
0.4968310953824679 0.3128550254726572
0.48904039514921027 0.29503180751837155
0.4969891583498792 0.2612331550547786
0.49900079775539613 0.2568734442383067
0.5010754481352296 0.2724964635208691
0.48148462990050644 0.3484551981904809
0.495635008731108 0.26810096913926884
0.4808831277157034 0.3634054434258256
0.4999624606211512 0.2630988395361169
0.4829655132109366 0.37220312553765966
0.4814201750441493 0.37022197861474027
0.4838176693844675 0.3699306726826581
0.49949161254424695 0.264718609378932
0.48964079624673645 0.3487352597341258
0.486426605612695 0.3614960071205693
0.48991091885852855 0.34661467494408926
0.49790677496519004 0.26668613796074103
0.4984383600986741 0.2669231658121758
0.4821671830918832 0.35365972614150776
0.4977754217723685 0.29653089284689527
0.4881530541666828 0.30623471242179345
0.49341618094439976 0.32713869384344463
0.4846670833265309 0.36371427576661386
0.48470944964804763 0.36315716180497315
0.49310430614629575 0.2826716964252509
0.49527829297686843 0.2749554375384222
0.48520280718637837 0.3614681949774101
0.49709427189136535 0.27258584192612734
0.49497211732668234 0.27734129269202024
0.4831361798012818 0.34979644721908665
0.48877779723990405 0.3481890870771793
0.483192009775627 0.3576426714332599
0.49151501939589554 0.2919914991044692
0.48829836699414825 0.3091732856360556
0.4966614716613117 0.27561552452179905
0.49712393433805624 0.29528122420860203
0.48397745646166146 0.3433924249677638
0.4950131356283357 0.2797437552355544
0.4975169863345383 0.2780558443013956
0.48464101770244505 0.35680717199133616
0.49741970734977164 0.28092363833948264
0.4904218883075794 0.3370753316640389
0.4929178150820224 0.2892089188999889
0.49306848271292136 0.32217623851580335
0.4852263631949683 0.3363024865626265
0.48734964571238537 0.3195234707254051
0.4902029941694486 0.3368744689843939
0.49507873776971634 0.30388991119087416
0.4927319499798123 0.32065866624626826
0.4920279456486264 0.2970279637494264
0.4897868014002302 0.3349970554909252
0.49065442986732205 0.30499838366389476
0.4948849350644346 0.294420670636228
0.4894648675220784 0.3117156667853678
0.4886684758930344 0.3377349826204723
0.49317580173726583 0.3132100389349106
0.4942702403475716 0.2987040738755935
0.4884910615052934 0.33365549783536785
0.49023477406417093 0.31243474407782035
0.490364128523027 0.32600317828545666
0.49140309783907515 0.3072176916914606
0.48956918811888084 0.3220157849728724
