mu sigma
2.0635787017931557 4.338347106667251
2.539516117945243 4.667996233288854
3.1622581997912316 4.816498506552666
3.3408551599610488 2.9630170072129003
3.0460068091578947 4.563380010055568
2.423117107173274 4.191460694286936
2.4670017265022435 3.4153998852628793
2.353463123051407 3.991298270297242
4.511104729785412 3.9325302576319623
2.4009908205996573 3.5502623309441654
3.009432851814024 4.495020734166154
2.393491938944284 3.6229244416675845
2.842097410916646 4.4295643130587905
2.744901400512006 4.380851094891178
3.4343676529372624 4.54493834768127
2.4305141623230275 4.0700078425614015
2.6143338874650315 4.287869422766782
2.419564150179964 3.5858063711216457
3.5684946809839753 4.53270428206178
2.583568724378445 4.251008629625161
4.093511007572484 4.363161326534282
2.40876086119148 3.95408996852746
2.393073207554353 3.751084163074219
2.4212306821276464 3.6665551797690954
3.0623435143939735 3.105697019599069
2.938055968451311 4.4218576375369345
3.161077758274529 4.480584747735958
2.830235796219653 4.363348011405913
4.376499837191527 4.032047760612983
2.7591149555653596 3.25744680192732
2.5507110414795955 4.128793408288596
4.306095379344996 4.11723354141292
2.484966717530376 3.9961517278508567
2.546736549001715 4.085143156497608
3.9854013327815925 4.3424535540442255
3.0959449807631345 4.421211009528024
3.074409892461522 4.401173154370057
3.251752203069465 4.430793424245109
3.987538556869552 4.302246960150917
2.7055246246399784 3.353386025539225
3.646534255465076 4.407376943333637
2.660401945200976 3.3978908796824925
2.6189970277001864 4.1039121069980435
3.9699201291473885 3.2355844780027323
2.5439478442444945 3.9739404111707897
2.506206846410018 3.7208131816889547
2.742342619926342 3.337629010377628
2.5144854524083113 3.741695233910158
2.5913097886376986 4.033805625219451
4.3079574688464675 3.612733009524669
4.330857944565806 3.847921617325775
3.4162922226112897 3.1136537987475665
3.187209223167328 3.138102762021936
2.93487901279459 4.299292652612367
2.550531739997006 3.6220863765367035
4.290517606233039 3.59851843760024
3.4963626520297058 3.1203527029905103
4.102369258592518 4.179154144647927
3.791762575114775 3.1792578489022616
3.6035528355356203 4.370021724826711
2.617654097341051 4.015330439014063
3.015180814472759 4.307030204902431
2.873412415874253 3.2742221210076816
4.2447863623420545 3.544356468639902
3.976058272179509 3.280477394213045
2.6386747470926757 4.018443703131557
2.5632902374209685 3.7753252505341814
3.051512694082378 4.298803927581751
3.106180817289677 4.313355284764374
4.0609799697018705 4.1535763452998795
4.273185443591695 3.764651640473055
3.2905392410126515 3.1530609124691322
2.8754028187066485 3.2983303503160633
2.6503881515995174 3.9900062599395487
4.2101629460655605 3.9742432423164327
2.9550980381168857 3.2556737128113067
2.5890598744206437 3.717100290245988
3.944493896580876 4.217777233888373
2.996755166261259 3.240217897439898
3.4820603753551587 3.1533961446082577
2.992397158424153 3.2438615044412873
2.6074011415357323 3.8534915556739393
4.242249944138142 3.85963570947068
2.616743111238763 3.876597963319413
3.401977859873027 4.32598289726606
4.175493954738137 3.995898660361402
2.623907325228993 3.883373467455527
2.7564377396277315 3.415308044301014
3.617043316849564 4.305485772468612
3.382855653095463 4.319544022155388
2.966864531297276 4.223180409125043
2.7313276116618717 4.052869753068872
2.613218885451627 3.7242964273930097
3.86158142053017 3.256636735101459
4.09846125396627 4.0728977490219105
2.891740103625379 4.17755697987337
2.6327311597076637 3.633532918433051
4.185104595185036 3.5554908509854384
4.233343140092867 3.769908903046012
2.6420994222253142 3.88519594912767
2.666116369423135 3.563236352433807
2.6651536068726775 3.931166990944721
2.6731056016967623 3.5548194481617856
3.1469422689441027 4.270840907070924
3.9069639177609212 3.2892321554222264
2.640345273105013 3.844910849271781
3.3875657131113863 4.300099192523705
2.8696691113503654 4.145200044558483
2.816183469712674 3.3848929112483397
4.199391309000562 3.869792573457717
2.640699429341155 3.808743114339402
2.8361872534728505 3.3722510816914135
4.051188182782447 4.084343565539017
2.7277986693600624 3.4870224568560335
3.3798856147218324 3.177119964404782
3.0202411107382527 4.216007345004324
2.8692393072728 4.132518236751443
3.862968634066728 4.200226030848724
3.085785275778346 4.2356792508039485
3.6560477921207455 4.264402004167108
3.5331867456293486 4.282127468474291
3.029738290832643 4.211696204632296
2.9157666301177816 4.155124273226965
3.3248975345388305 4.280125252745363
3.650701979376173 4.261600801619488
3.8407298225267033 3.270918538034027
2.6947261803326223 3.928297875785963
2.753632692026624 3.4757746699003205
2.8066063382934088 3.417238831246192
2.6927622964847258 3.580525524255239
3.4542383339975093 3.186870800978055
3.2260197131029553 4.2553528980055235
3.739735329522072 3.2383891606304696
4.188868389423431 3.7069418472577373
4.01223914981435 4.085450763490176
2.860973898473754 3.374399849573405
2.9844173648786065 4.174930298038599
3.1439784796630743 4.233290534839643
4.183982088809363 3.7999640313828222
4.160523119798733 3.6084561414619487
3.5808878149313212 3.204389664778742
4.174333489047015 3.79269901906774
3.0843012166390316 4.204671391762199
2.7395781423751218 3.9538838624907036
3.5296087384604875 4.255431261475322
3.1252451270956625 4.217251236136982
2.677544136526227 3.7740490309877184
4.171616160021124 3.779819259113244
3.4179214967723324 4.254969083070647
3.721146474705725 4.2131806693573814
3.366607140227658 3.201900446157857
3.5239542172404965 4.249343120464547
2.7332774774679285 3.5498204219104776
3.764500838656512 4.194575559039136
3.9304002831413762 4.1134881443550375
2.8483932192889356 3.409359621438589
2.6960225696015385 3.7863957614799673
3.9327165783775304 4.107092562372019
2.850899323207299 4.047028234972467
3.57977860723302 4.228913501076297
3.308721902073468 4.228330277505083
2.984224948588558 3.3242158021151305
2.8443817962184865 4.031285399996699
3.138779324080885 4.1926255974265665
3.406815908610335 4.232209126938425
4.136795799724912 3.8047723226886045
2.7265549642156803 3.629760818723722
3.1949209626936477 4.201062505182364
2.8240116213025304 3.9973774199745407
3.1707437984046054 4.191866350616215
3.717861859736767 3.267117907456707
2.760734092511747 3.897658439242118
3.831275514669766 4.133430842703603
3.09062852471289 4.162250119517842
4.102180950328103 3.869900530544464
3.4693343013344373 4.217835503269549
3.835564707642904 3.3243792557023917
3.858681934295243 3.338472001592852
2.760949092712069 3.86036094666639
3.2381911113075468 4.18939163615575
2.749531105757434 3.64090521466618
2.9691427880477903 3.358966567614072
3.5190619533265304 3.236033810401426
4.103154674658596 3.6491762595432373
3.1155656433775567 4.1520592243102055
2.874292984325566 3.438908338559634
2.9504404733502287 4.069776169827258
3.1865477138423266 4.171964303116348
2.857569101043677 3.4569720559670887
3.0546440430975816 4.126103327095112
3.360471830832035 4.198656902579006
3.4903716435005703 4.198123917793157
4.087728029548025 3.843879889673506
2.7767921961794073 3.8714588800742233
2.788564960942288 3.5611833172445744
2.7528832801140632 3.6691400329729964
2.8033926836793888 3.5361176581579676
3.555893344655426 4.188545997693016
3.839470909984013 4.101109065274163
2.7731348604869543 3.602413659387646
3.9053718416462058 3.384068038801868
2.7533258222054746 3.760741044413914
3.503072196357172 3.2438945311646035
3.126160718558414 4.141726029581201
3.0023468743110824 3.3535896120918833
2.8150425413169846 3.909825025211416
3.1427212821397323 3.292285133782664
2.8996970513825353 4.003399648420656
3.476921112365659 4.180209114677248
2.8243224460339236 3.9112402901317918
3.8304482643380924 4.085754963182979
3.009955119774629 3.3565246948312093
2.809150571276732 3.884704855802693
3.4528995144901775 3.248803985260766
2.781991053513602 3.806400911439241
3.3578529273734223 4.174515229729069
3.070775494737822 4.1042689996503245
4.079782103021913 3.7280585567831137
2.777335202125175 3.7645821988289065
2.9734914832124764 4.047249054546105
3.4744275933884077 4.171653692950541
2.940154806354637 4.021725527553505
2.989441985053151 3.3773824117206104
3.1888187702581705 3.286284294897002
3.992553477061361 3.942239225865052
3.4266197020532467 4.170737868623998
2.967335756990397 4.0397634950519015
3.4845664497060063 4.167647346035817
3.342313570194835 4.165262625816591
3.4326862488946515 4.168250593465389
2.7869628564745015 3.7715950919916357
3.6382746288305343 4.142276682417165
3.1596365295031434 3.3009083692084125
2.8516752279387894 3.916127973040284
2.8094771105327534 3.837292221331867
3.5715386585249984 4.151400602435583
2.886017653983779 3.9512471722296865
3.1864319459177115 4.126857053043489
3.925743510614204 3.4431873259414383
3.6656791390526737 4.123079306819175
4.0538343223583775 3.7501894056857887
3.708189012288729 4.107208788290023
2.8249733576913476 3.5944056223406298
4.012779905761869 3.871503220133784
2.8042685327286496 3.677797383725
3.065075889405901 3.3512724133061838
3.0505607534418084 4.064734458410472
3.7589746238983395 3.337702308339108
4.003421585411028 3.882615059126253
2.8254174312581264 3.601270529121371
2.9259824599018125 3.9758417044694983
3.7346872127234185 4.092514773464763
2.8361035723461683 3.8499065345435337
3.5885867361449364 4.132427242576117
3.164446210452817 4.105891129880875
4.036040845919054 3.7819836915781626
2.866927588492353 3.8967395797436093
3.419755095302464 4.143648739544955
2.864784824850144 3.5373122849383716
2.8701400860980417 3.899973354512497
3.2238948693184755 4.11957722850953
3.6697324720070688 3.312111801160381
3.2048240008939892 4.1098578784962205
2.820810354786688 3.761640892595494
2.991782961309488 4.013084397838303
3.8637121897379774 3.4110500072000525
2.8274220776032672 3.789632575000548
3.80391188558844 4.047032915007209
2.929309222281791 3.9596053232940776
3.487537232664229 4.134240616818106
3.825918145576766 4.032658392174319
3.092968667173781 4.063024497217724
3.975034233310411 3.8877199900030233
2.829707703776407 3.658780864585425
3.2305789125911395 4.109283545231427
4.027492483234985 3.7300385388678037
3.279323547257433 4.117457862531553
3.3838686555044437 3.2824552419455264
3.456026164032216 3.281913541760062
2.914145826034602 3.492251335391238
3.0379750877262284 4.030318661312474
3.9838002515605107 3.865165063842343
3.189757396693981 4.09494486294677
3.057763547275713 3.375464410834657
3.9444572100673656 3.9206893697990273
3.089879023812682 4.055923385411134
3.1949771404839433 3.3173086365872035
2.950473721060168 3.4565252577038112
3.0606520354648152 4.039638195850162
3.5017404442455695 4.122440355995985
2.8462011859170704 3.6247923605278465
3.594678903946407 4.108013312267172
2.840650208632805 3.7770857320679747
2.919785266819244 3.9277223588829586
3.697692175258875 4.07849916211898
3.5445095226222274 3.294220482129453
4.009974229246072 3.6445128995564864
3.1042648034472053 3.3563299248986107
3.275615541629075 4.108654159405218
4.013856996383335 3.6793263988772695
3.9250265503920776 3.9316885157671595
3.1113364984112915 4.05858142474717
3.235071167276596 3.3107889313994328
3.9950336456991975 3.6055434613854613
3.0784324901059654 3.373190072139855
3.8992964179243503 3.464612129862643
2.908998745673246 3.9021855672339596
4.010992491674861 3.7063508781486996
2.8761583238451363 3.8456279786459655
3.7284481976567356 4.055301211053686
3.968853304574312 3.567867000602029
3.1514392624344327 4.064033568461981
3.568644248513896 3.306575500430074
2.8796962995622324 3.840177203855572
3.4760608002246354 4.1090807162163365
3.7940808822406957 4.019533391925544
2.988329145248754 3.971340542244261
3.8618536795406646 3.973391266568537
3.3851463351807 4.10912687527311
3.4450649588392332 4.108802010112291
3.329758951357776 4.103351140525729
3.436495802290367 4.108412028025238
3.5199039472053615 4.102910023717103
2.9829893584659275 3.449427224096242
3.9972317335654175 3.7325892627514374
2.945267763320992 3.92349733065462
3.060080143032168 4.0134680065713795
3.164008566952414 3.3455734927727514
3.248356661734329 4.084431405425295
3.7874254218191146 3.393492785288351
2.874296070171166 3.612585918059752
3.7480938652755946 3.372399325941023
3.980962432610949 3.6233012133013376
3.6403015433606667 3.330248439635347
2.876324080767451 3.6122564886973443
2.8832214524308304 3.818432241450587
2.876989152086186 3.800984658126779
3.724989106996827 4.042244334634396
3.7675153712625877 4.021656284335899
3.5657366109589548 3.3146196143434388
3.9673120214705415 3.596198663870282
3.3552356876708975 4.096320616300815
3.3540454422223336 4.095522594266352
3.855164344027246 3.961870052911496
3.759666698343882 4.023329544701892
3.6716113468351868 4.05975573121568
3.0431541327154146 3.9934992006350742
3.9544334574994098 3.5754801754621863
2.9786580318786853 3.9418969879834083
3.8808881614052124 3.475126982365407
2.8816878085634547 3.7902947591404534
3.686748340983524 4.050025010053118
3.188499295650023 3.345261502786953
3.3428652891271975 4.08785475260881
3.825710709783986 3.431244219003693
3.880704116686307 3.4815581414298817
2.927131633987419 3.871384530167178
2.947533913746294 3.5113851552960664
3.918151191495717 3.8808002501546275
3.0713994597037697 3.404146756774988
3.6651673919789274 3.3495323229204796
3.9695610990306753 3.6439423564856153
3.9763884498483044 3.7086485867307166
2.913622625070601 3.845216815697413
3.7324959815408936 4.024093842459679
3.4492372325995477 3.3103848025992706
3.894271037544438 3.9065745159530856
3.8469546861966966 3.4537098212957136
2.9012298245537 3.593934485360122
3.453886256297371 3.3114195248187612
2.899156509585316 3.600951485859518
3.697176369364417 3.364157374413624
3.4055431178074986 3.3128326021281156
3.661236663336628 4.047605082457444
3.211782366633823 4.052024093227044
3.7744848409443925 3.9945860720103923
3.717950625181386 4.02240887643266
3.869126748537944 3.4858635022708997
2.9514510947043546 3.8807734586297484
3.55854671109281 3.3291946702194624
2.923083071092598 3.836017903349829
2.973700551963904 3.9061541286118775
2.9352097500397925 3.549835307043652
3.906037926212309 3.872035558076629
3.08602966605514 3.9923897663000036
3.1583878583046574 4.026032278003844
3.360805553231035 4.071984595404169
3.9432728212401953 3.7949802728445468
3.422627108434803 4.072594781739827
3.956617638851573 3.701237225986342
2.8963715736833255 3.6989275100465258
2.946520225883444 3.8591239750350814
3.579037469577323 3.338542534301266
3.7638944560868053 3.411413929529932
3.3410066944884558 3.327633378027981
3.329489872162532 4.063750901491256
3.130163418968301 4.0068659980945425
3.2484398268355186 4.047985635277622
3.8842354756671185 3.8849656638426833
3.244555885448061 4.046685078128284
3.8476191843931087 3.9232250613178086
3.5842420440712863 3.3418956640764135
3.7302007307058993 3.3953527074337115
3.54321226445685 4.056786658925323
3.409370515046327 3.326630845552145
3.2942068068950565 3.339407012230609
3.677472738864692 4.01975161594544
3.5251106467845803 4.055977120951107
3.4609783015250373 4.060969761093783
2.915089871828408 3.747507485245078
3.037914723857174 3.9375959892375865
2.984251035038856 3.886062241276467
3.3251532123647736 3.337951087023202
2.926502069944809 3.780511874403443
3.397870938798335 4.056751599674854
3.244086506795749 3.3564110715475977
3.3570766277100925 4.053850310349914
3.452069465491337 4.0563406806599955
3.0127893730988493 3.4854482506624826
3.5837774691915474 4.039222626067188
3.778138611046523 3.959360323559237
2.9200716597025096 3.746643065625277
2.9686680922317854 3.85906820835059
3.8967294342738223 3.5595981973006334
3.873778649130694 3.871452922068016
3.8945725179477155 3.556793013201312
2.9175829923051153 3.6859677894619196
3.0470149665035997 3.9377215320382906
3.364419707736746 3.337459479974892
3.893879994623527 3.838830286768195
3.387914891947763 4.051651782740162
3.4896004441981843 4.0494076393559775
3.8773861813374335 3.8603717748282746
3.9250712353569663 3.759247388536783
3.707705425964933 3.9927187233909933
3.6266492934102246 3.366342004338636
3.0761814408731585 3.9540829076975004
2.9569025410774095 3.828947055760256
3.5879159513542778 4.032366397155343
2.950147535580432 3.8155678807995663
3.556703441078322 4.038580255556311
3.853607358759858 3.88478000563745
3.2456649393126358 4.02534811844708
3.324367543970123 4.041099188140904
3.068913192990236 3.9443482837256068
3.691880293164804 3.394522485938613
3.0614921188448405 3.45592366516102
3.4264154985505426 3.3409497093528335
2.9294038490237724 3.6969023938128194
2.951652290548373 3.594329976522659
2.9662810739787475 3.565282077774905
3.45208491448943 4.043769765701467
2.934875149414629 3.64955386533011
3.1700260295494296 3.9946210121997656
3.9213775167746627 3.6809327496982824
2.9500869393441316 3.6080879044453456
3.3566968636861816 4.037667021992307
3.1311945340275624 3.415678018267088
3.8951202871298247 3.79991358666599
3.8224516496967915 3.4906930478131892
2.9943287498494064 3.85901424115421
3.4036785099995277 4.03814314737262
3.9149615176576504 3.7003957215924363
3.7409603100529303 3.4296663573366772
3.8755999195875526 3.5612147887850605
2.9730116256594568 3.8237799863413944
2.950623792373568 3.6217050566519333
3.2526024676353096 4.014103691098792
3.6460660572841848 3.9998025283740515
2.956610568298994 3.608074556658133
3.019282604013948 3.5079541832352907
3.0196114781148222 3.881271238764539
3.7065002482079548 3.972825166161686
3.007259026036999 3.524110238446798
3.6952319509332967 3.4081761376509285
3.511970777835273 4.027680524210378
2.9867966451803163 3.55501922792186
3.7272184945269675 3.9595824945194527
3.484845000650104 3.353319460867959
3.9033236252042687 3.7388086274671184
3.155628509804228 3.973336786393083
3.8778620156386916 3.8089444941722657
3.7299193177354977 3.430801688834746
3.7654110610608713 3.932584454281547
3.1723833330796465 3.406937826263387
3.8066822831500473 3.491524272372436
3.1814542337703 3.4036465916286076
3.8472489107412082 3.8500973635002573
3.18128449302114 3.9790372975243815
3.357790937534637 4.0224699205339896
2.9657774395889622 3.7733583236077983
3.557135847996399 4.012773127775441
3.520328591407072 4.018700737735123
3.6761486718215717 3.4075843036045717
2.9861275111346126 3.8149525668047564
2.974416372630606 3.790788864129145
3.2856930744010406 4.0074740246980705
3.69953745629467 3.961173005103408
3.76517932405627 3.9215542184843
3.880347188146677 3.7748502809475104
3.379316738784902 3.3605681852250386
3.260635102088575 3.3810180486547226
3.2360747773850482 3.3884663822701304
3.0948724888532393 3.4599751689260474
3.5532885918844723 4.0072082313694875
3.5776033999936896 4.0019534131106305
3.7195193851915787 3.947663450513372
3.3572912937786383 3.3636466223135404
3.1163103487030406 3.9366526153603334
3.0172386304678094 3.8489242282197114
3.327442067631752 4.009400052446958
3.0034623411787007 3.560652371146718
2.9653319167015604 3.7144342979784764
3.3020796359021864 4.00425610369326
3.2292877073873347 3.39479118198489
3.8300984622021272 3.848724840254789
3.0368236756188 3.521372043217802
3.5634473813673506 3.998373584512708
3.7510566793326166 3.462447650499366
3.8603062457125787 3.590945254237005
3.8692366396096936 3.7730268115770995
3.727183126203527 3.4472445125903683
3.0040086181559835 3.8145309257076208
2.9729388891117545 3.714004703196414
3.755366128370067 3.468890932870138
3.5461355760101743 3.998769801473333
3.264333643937543 3.9888016248887608
3.249637582942012 3.9834598717565526
3.6279335573212257 3.975446038329248
3.4090927689266888 4.007309076597173
2.983062473682064 3.6324891052932746
3.0579937542493973 3.507013928405963
3.050631267415341 3.5154259826906014
3.721054293981968 3.930792436229745
3.1910251865814576 3.4176546741594835
3.0277141324407664 3.83638240347884
2.994264668092778 3.774886710204369
3.7131945968833473 3.4463002156849796
3.1041775751068137 3.9094941030253714
3.606797990979222 3.3985143657242762
3.873173913467455 3.686236907008554
3.0909483032589082 3.8984761918855257
3.008388882843575 3.581683586888016
3.428960016986907 4.002776068772386
2.9842597554039374 3.729987395255144
2.9827829009410713 3.7127048915072063
3.370142321877354 3.999360129891433
3.244448634499611 3.9748469994243467
3.5671822121636434 3.3898766504897764
3.773493073126497 3.49533192128661
3.4090588013658585 3.3740743531773796
3.1673325217938 3.4350842466119316
3.8178236787473288 3.83581573928343
3.596264335921129 3.9762388575497636
3.8402361620254513 3.5814604032558854
3.2136853959591374 3.9602826160383575
3.3014531195346146 3.984739694625961
3.8198336044749164 3.8265849034369093
3.1458929763695522 3.9227917703324953
2.9926635243199 3.674270982778908
3.4906984130914624 3.9898004171336443
3.852276171518857 3.74696189843805
3.8469640640858715 3.616388159626452
3.76633376177884 3.8784551456149816
3.0075862415530272 3.7674299529899873
3.372721761238621 3.3829750183790566
2.995311980520133 3.7029169182428494
3.0103631467301737 3.770534772961363
3.1225734312762494 3.9039328227522354
3.0271850651511856 3.8036785789651684
3.691043463109391 3.447178986889409
3.841683157803693 3.7690967002088778
3.0054732650613634 3.628075643547899
3.1353712152305384 3.911235234952725
3.2809673842786014 3.4003177051343476
3.7933942932168754 3.8452950552838465
3.8531759841925686 3.71676541512463
3.2062211565438146 3.9466019558873295
3.7932862706758548 3.8449449726734835
3.5861107257150393 3.4062997650352647
3.757278315926576 3.4977526210666734
3.0880029294451727 3.5055611520581413
3.8171729733298094 3.570317051712622
3.0944976692896495 3.875469269394123
3.4432403724505876 3.985685082718552
3.692653823313204 3.9209690930937375
3.24339782065705 3.956951715868365
3.789368482401684 3.5341108948705413
3.2288031614643855 3.9497842519912174
3.230603827222664 3.422418624428757
3.0516666128104633 3.8221498706206787
3.575169677230835 3.962836719818333
3.1962105587207903 3.9339963063633574
3.765987657942884 3.860756661667559
3.0627854385476465 3.541006152409894
3.3147752846087264 3.4000885796742946
3.009078482566564 3.698647674974658
3.1319561486679297 3.895891415958933
3.133321984761648 3.8965389029941493
3.1627097723879456 3.4577787869555845
3.083156972057638 3.520543436666489
3.5878079429571925 3.4135334001084363
3.3415104379307663 3.396847303080524
3.835334258789137 3.7395830971270696
3.8400883493669893 3.7134574895258154
3.2390096683888387 3.9472515591928508
3.7335153454650354 3.8828754422000515
3.093372327046112 3.5128719984736554
3.7918868082076655 3.8245682785077526
3.4646873140937764 3.3929069043905793
3.4957144476868107 3.3959592679197126
3.634755392910425 3.936305389885508
3.15519294073502 3.90439086678122
3.311105378900318 3.405485738616952
3.444902713266335 3.9737009401455796
3.674287485004303 3.454659693023051
3.253789503511749 3.9472064796705792
3.336690019750018 3.9654345259493673
3.4327957488947693 3.9717755557165804
3.811348067556021 3.779313741161572
3.147899207528721 3.477059770369917
3.819557503463239 3.6182049654120894
3.2414066732816655 3.430003988333633
3.8069936868255505 3.781332130053404
3.0406712111352308 3.76936652999061
3.393486726870134 3.9673980267167863
3.0504427343659968 3.787433718284547
3.7287078006967977 3.8728310035912803
3.6190383628765113 3.9334064588011466
3.614382419623972 3.9350745261286466
3.0975377623995515 3.5227205387807468
3.0426024928180473 3.6040945958304573
3.8260901483861907 3.707634085230477
3.825763464422107 3.668436467181058
3.0352354412247378 3.627159654699592
3.461047967510947 3.964465457395715
3.1629684344290654 3.4724003166673367
3.4234446988598273 3.9652513794997146
3.8209975484450993 3.6446581080361846
3.721034060361164 3.875077351707862
3.8209208126749976 3.6456636060599776
3.8242477305812095 3.668449617414122
3.440104878405284 3.4010492065861047
3.040147323402802 3.7551060663448745
3.0620829554357414 3.7992603148358306
3.822256080327537 3.6576783747107595
3.1370554534931228 3.8773325988903933
3.5187231688476843 3.9562183164574884
3.0342148392384147 3.653303049218592
3.8006543800432144 3.5970812394948335
3.0838084202124953 3.548231305238151
3.590224716000614 3.4298958176474987
3.1052991792290467 3.8449086667041534
3.7844338528188954 3.7994689971434825
3.6696948135386416 3.9016339358824523
3.043155834166059 3.6282435324945195
3.660628197363992 3.4614623971774106
3.1521857097233035 3.4865189370440532
3.6639256705676178 3.9030814002805663
3.3129561945706416 3.4181239556665624
3.0505007550768592 3.611279598816106
3.8161303866756677 3.699613414145799
3.77084085278387 3.555678261682408
3.0401623620604346 3.6543932571763604
3.610098234266072 3.925007174436164
3.0404996798686263 3.6639217271886935
3.5921613423119174 3.4351286002793318
3.618669481753871 3.445709086621208
3.7170911135249733 3.504036505395135
3.3350644817092867 3.4169632712375293
3.126709115147788 3.854276521162315
3.1395260430518994 3.8647145097365683
3.661224461461385 3.8982525323414006
3.279542280057833 3.9334259483836513
3.1748797421063406 3.477937519619088
3.4982615123058425 3.94773791401467
3.6254072157626496 3.9119242704170074
3.082853139484012 3.568288421465497
3.0504983571177084 3.7220461026198293
3.7662327566697753 3.8033425535400145
3.0962708960213994 3.8159724283368526
3.6650400606420024 3.891115027764151
3.310409232027932 3.9368363116233995
3.387039940359493 3.9472486378548735
3.0702655460920525 3.5939730282546773
3.7986454959440987 3.7310561206201602
3.2501333109422426 3.9183079300737007
3.6117202485116255 3.9147973629034354
3.2065385456793556 3.464941726781756
3.4270634643669604 3.4138611087877146
3.060425929137802 3.6197593801921224
3.5519974776539414 3.4298130433677727
3.578066202508105 3.925375280750255
3.1945688536337267 3.4722367568611183
3.795342453759522 3.631530905242378
3.138852230593419 3.854136941840932
3.1482643103862507 3.5052549341701305
3.052716427675403 3.6975899869195503
3.5909178512872066 3.443561117276028
3.492649899061317 3.420272537946849
3.3995612792189074 3.4172487097624833
3.316736667317568 3.933005361926082
3.6889068095218756 3.4955782873280876
3.3749573386120324 3.9412348128543644
3.779237942298525 3.765370230482901
3.065554780796024 3.621999776276176
3.4672743326607396 3.4197166598278192
3.0619701171954934 3.637394411878037
3.4754650881059805 3.4211187697013736
3.086877555103122 3.5801392619654475
3.716264124425333 3.8439828711654167
3.406864768916393 3.9404750459501687
3.217361855360909 3.466999514268598
3.7681864554343796 3.5864917089027557
3.543196361594605 3.4338016005389242
3.1654093446662763 3.498874769115537
3.7247182628405615 3.8332008393333896
3.737529585578346 3.544844702779724
3.5574170821918543 3.922349933960802
3.357840604395064 3.425771375264715
3.4613302313905696 3.937825213495466
3.16997106534167 3.8660718763407957
3.286162852554092 3.919214154289938
3.7303000060791978 3.8246564659841225
3.577959883272226 3.4461057632945913
3.0775158483630567 3.7535803836279484
3.1875567506568023 3.4883082200386393
3.4383673514153905 3.423599272423104
3.0879673139838943 3.592644226278409
3.0680125756172205 3.711095771150662
3.703282212337349 3.5179191801698595
3.327521282889223 3.92507291348305
3.1051571372037667 3.5666700045802187
3.2035833576456834 3.4809958972518564
3.7808211548087005 3.724119493552408
3.266348689196481 3.9074219108616957
3.6765500402195297 3.8630286458393988
3.595907080519665 3.9039759612638725
3.5700130335585074 3.447361881241158
3.7071712515861845 3.838553231580036
3.719352569758877 3.8267662231754724
3.7737015236415576 3.741588615501776
3.7590119448463146 3.7730100552836037
3.0736397908257556 3.7171652088840172
3.532489418368101 3.4390859737591235
3.579784519794236 3.4526885687151
3.1772168217150205 3.8595018064023026
3.7707238737871687 3.7430935297419126
3.225814822524274 3.8867118502540334
3.3010319129498895 3.444992630408326
3.218771656470448 3.882465712574862
3.0853598288883486 3.7476340127427106
3.0802533676946235 3.631258166804497
3.3758442817654735 3.4316730113586953
3.2079456313336965 3.483895853774987
3.1086785837521793 3.572834401970316
3.0744708905891045 3.6946250285786855
3.716781103509448 3.82200702628729
3.145569419955251 3.5306226539812102
3.1309608406808396 3.5459429853295035
3.4597242941147615 3.9256132649864526
3.133006374056365 3.813806025518861
3.1116853135699536 3.7859464872213042
3.189913561688547 3.4999440139421507
3.711848736653419 3.820175418338702
3.7735591053031357 3.6795784841606896
3.638002276885546 3.8736693001914944
3.4670220399850824 3.435505883107279
3.3022270109720866 3.451070273967602
3.5909153162374863 3.464617015659723
3.645935729626325 3.4914144864255237
3.4716421868826317 3.4366279592170965
3.7077291882404353 3.818628997884708
3.324274289004301 3.9097892099483214
3.7578584549493175 3.7415630327137883
3.4949481743613777 3.9155670880925575
3.252317682583385 3.8867724982852865
3.6368259549695723 3.8695654792637257
3.7383911122701967 3.5822296569319314
3.4564955192459887 3.918470982544873
3.7608843959253155 3.6390184345586745
3.5539402640069024 3.4560926048149914
3.5841078874440644 3.890319866698524
3.2617927628420333 3.4692376212060547
3.1288381358164448 3.792648683380634
3.2067422068108713 3.8600973397941307
3.377996215111374 3.9135800882393186
3.3399479426584384 3.448061117280347
3.754283861747788 3.7294556408738586
3.0953481170543173 3.714911209455051
3.4054255723320064 3.441273074725579
3.6675548675483487 3.842025249775925
3.238425364055802 3.873226720674335
3.216432417454223 3.8616244790319056
3.682243869542684 3.5278243295209686
3.5918289982753357 3.882386646909933
3.5609710268735126 3.89266681711719
3.746872455390175 3.6178464675262187
3.66378838738856 3.8428316395730375
3.1344139039150765 3.790772414284453
3.2026999175514934 3.8515826674233264
3.0962337546218115 3.6593401509057757
3.1277034815234774 3.7794724081752613
3.530035328295773 3.8988327603272275
3.0990270938119844 3.6531738973807277
3.705734002525901 3.555599568757408
3.745490109041968 3.622260076705404
3.672571164924399 3.52456191991525
3.2081908423985745 3.8512994729793744
3.125695486736742 3.588625179910105
3.1674256945250754 3.537926381223167
3.350771285333783 3.9016833716994745
3.1247951634429216 3.7639358670172993
3.7510815422209927 3.675659972993364
3.102418980291703 3.665025218482921
3.1446899316305466 3.7916806162569725
3.3171738945648634 3.8923920052203296
3.475934629923952 3.9026328280222944
3.2054275054705053 3.5115026259105457
3.5420651433388137 3.889660544243185
3.145147807205051 3.7895254257409103
3.308386860707665 3.4648926307506245
3.28800394444851 3.882821888831784
3.140900089225059 3.572999025085369
3.320491015189128 3.461783145064525
3.5467558370258327 3.887787945624427
3.1531704222239054 3.7979113679918974
3.7017989904895106 3.7950031804143305
3.1110181861401998 3.7202010541935815
3.552577316359813 3.468796773122127
3.6518156069278387 3.8380404938331747
3.4865514289402615 3.8985768908025946
3.1283104707780613 3.7598964686085194
3.71708293256115 3.770750699671489
3.5562473993030195 3.471030942837621
3.4596231337586367 3.8984570238423566
3.65357208858268 3.8325176130572105
3.6202041188489185 3.5006483397043193
3.1113270424337167 3.69057376267274
3.164636929433392 3.8019612931689157
3.5344389236360088 3.467106080750964
3.5393514271127184 3.468589559198554
3.1124758070968963 3.681009376773083
3.7382709464958745 3.655312151562004
3.1936233884592333 3.824827235342472
3.4243512726835403 3.4561472819429286
3.6310709707725994 3.8418166949293533
3.5785735842588995 3.484935012111734
3.3624865803966832 3.890648225025322
3.551680174192942 3.8767832204384414
3.278813411468324 3.4834762192958912
3.28267590835853 3.8703627219446264
3.731655325166115 3.646845821996369
3.1191517498623362 3.6613967178452604
3.4739042368518707 3.8910137198815615
3.715925444123279 3.7516415878412084
3.7198106352644587 3.7431306096004935
3.2507020378618567 3.498625055314172
3.120600681459827 3.67081740775721
3.612336246912876 3.504657544409888
3.4409315916112284 3.8912028816884683
3.5076483739132693 3.4677704314294955
3.149135352822338 3.765665085723247
3.5625022530296255 3.4839871442410923
3.5953122180803803 3.8534706019578495
3.607944719734761 3.8470178106737967
3.7245323655678266 3.64339441114863
3.7236514874718853 3.641577857891488
3.262374771284204 3.854541335279656
3.2697837941531867 3.493818526173536
3.2589092462135496 3.8522876816817417
3.598971692791185 3.5019238834678035
3.724122451041251 3.701457460421769
3.6838769728320937 3.784295723778538
3.2295889051000963 3.835032217146983
3.5691795222406935 3.860807882270385
3.6518343640227737 3.81350028903916
3.652023304035447 3.813081828835914
3.6880043219658556 3.7752243486959736
3.135535164069868 3.717057816643792
3.598137009856614 3.504849101882959
3.139918283370601 3.624193393092135
3.264074006378897 3.50094048914301
3.441282966429591 3.466564150326582
3.4177975707352704 3.4667799438382243
3.5742039460063944 3.854707504892856
3.1585871074933407 3.5917126658388163
3.607118336002534 3.8386078892706514
3.5393133515561654 3.483594697155325
3.6919584057183386 3.588973531525231
3.1355066705758956 3.6535782591200165
3.405216374057494 3.881032146465443
3.656025967225342 3.803853506386894
3.3982365767514486 3.880090050609712
3.218919239057066 3.8199714080098444
3.4347866204822433 3.469293258513085
3.179222674947101 3.782876145768011
3.1402515802762703 3.706668557126021
3.1735639946042093 3.577012795477314
3.2355189324697022 3.8283129697129765
3.349747895437339 3.4777021670750963
3.193244861167697 3.5574666625462648
3.5650853853191764 3.497305871773227
3.691375393907593 3.7524454550359136
3.602968251896781 3.515939975737645
3.3782139575557486 3.475253897917497
3.3738581341418152 3.872329820591532
3.710165041073218 3.694780746458614
3.30913982396067 3.4913392535069585
3.1541320489590703 3.730510331512276
3.152794223923804 3.7268028931432844
3.6165360308876 3.526720457583617
3.705317516397584 3.6429139517023312
3.18205675410612 3.773380791802659
3.6435902722753295 3.5494225060209397
3.159554099211004 3.735616193837507
3.1477211123131177 3.655661085502805
3.2823299734321956 3.8438880197511076
3.147317490476499 3.68492211888932
3.6643700906998693 3.571620009496896
3.704470518515554 3.6750675005671
3.3085578744489004 3.851873395714702
3.644023849614047 3.7966590139930876
3.4022115723366175 3.4780542857877648
3.2072842030767315 3.7948426966832467
3.2740099635620563 3.5108520104952907
3.653581006792306 3.563394552702561
3.682445895364632 3.7480100745613965
3.272655589998931 3.8348559886668503
3.1588733810945353 3.7174740158888326
3.6030636469030335 3.8223246164923013
3.403762304184006 3.866218357158797
3.6523569784487453 3.5653906252696084
3.380941659879195 3.863279901179749
3.3149540003464746 3.849110420246253
3.258683566786002 3.5224077998582515
3.328678967341288 3.49400358891066
3.1883058313121637 3.767118067561376
3.1548922752368984 3.68159395497432
3.669012379339551 3.7604859460189246
3.6951560878948264 3.6945082116818733
3.2486326785175867 3.5303482133255932
3.422102901264611 3.863709055083734
3.4389173315897237 3.8621167010695148
3.6918521482636724 3.6976168558286324
3.6561368165118076 3.7702317640523995
3.3423169926983505 3.494013199815381
3.2240098776634554 3.796147428615683
3.3854500570414645 3.486974330003055
3.3786649657134404 3.85798635867761
3.2617314051361523 3.8210286316657194
3.1806404254615623 3.6027899031726784
3.182237736946596 3.746869214374494
3.18057089483441 3.74299529202084
3.494486556595582 3.8530086403531034
3.683256841008231 3.632646952024252
3.2080776703330747 3.7775999758329317
3.647109484227462 3.572795278933468
3.685195755220003 3.6427430062845474
3.39882292437764 3.8570163739832823
3.4656984506454003 3.855732047772734
3.353238766349498 3.8505172895378985
3.381131223643345 3.4905153186234124
3.6833448372348605 3.7072223086966027
3.5876972216631744 3.817659651486112
3.1683429879733547 3.6955896941384383
3.4694331660956697 3.8533717747509897
3.228015503236945 3.7911474163917114
3.236916134894128 3.5484310604752896
3.381620104023183 3.492520924657161
3.6489136787770184 3.76629363060162
3.2312952674213213 3.792892725648907
3.272007071233688 3.818459853314685
3.3010959182957147 3.831631576042652
3.676884167079559 3.712750761412352
3.553880137822858 3.829855555623248
3.503710511884372 3.500281131339822
3.59275326158198 3.8096115010068408
3.4545031290731525 3.4931973738000006
3.187709071213361 3.613383118227454
3.3987150969501188 3.494725636412894
3.4468488145058793 3.8498857187120143
3.258494183552523 3.5398826810627946
3.247087922631295 3.5479796523498894
3.1831234346863804 3.6295316371969184
3.675408393400396 3.6505539061105257
3.1991605292250833 3.5980678061047846
3.287471085955622 3.5249299631951665
3.1767357603603577 3.684395173725881
3.6218218243694085 3.783196503294324
3.353883675692223 3.5035781581974734
3.17785525338392 3.6724019548519813
3.2651857856643245 3.805633279632109
3.423953431490831 3.4965823265706533
3.3846791892870516 3.499706899728906
3.180902565740146 3.65698782358525
3.388339523402605 3.4995718956007194
3.2618601508814598 3.5426576317454717
3.5582891319356285 3.8189775290701595
3.25519074714877 3.7968916961209924
3.1925804060960434 3.725385892343958
3.5702629914108788 3.8125933008513084
3.2832436671495406 3.8123934832319
3.3384947042346726 3.5104428147200077
3.66950221404631 3.6854840295040328
3.3269401292985004 3.5149897063769795
3.620870841881426 3.5697634420028743
3.2898657379479346 3.8133428053056373
3.195385953294698 3.624301572012923
3.3936276825923066 3.840042760863663
3.4014228648434326 3.503555555552147
3.338027525913099 3.5152905112102824
3.2604575514952394 3.7923580053313395
3.544518637323387 3.5258705133251467
3.571946935825509 3.804281408249958
3.4727166214633076 3.5070986373041997
3.2294427775311654 3.7635475905422395
3.2783737030942084 3.5425530355437322
3.4852409189910536 3.832083980260262
3.523597443909079 3.8225602618287846
3.28957084391483 3.5372500932581667
3.6411189663913457 3.73757753458642
3.235867099527943 3.767298934967525
3.5957410060091606 3.558092774054405
3.19349464674416 3.678762567990951
3.5012716619297057 3.826283245475771
3.581445185683616 3.7925343467378965
3.2038733919929414 3.715054826381516
3.5501544566820704 3.808037679284066
3.4648568470234844 3.5109179497452594
3.5664698535306627 3.5429798535097596
3.6487910009033167 3.6347760590887765
3.649283193602933 3.707127822255981
3.4346463390730992 3.8312938883009187
3.2019229293798652 3.647486051567089
3.2086579686107686 3.716401755770114
3.2322453175658445 3.7536896482596713
3.5101509241617976 3.8193473926429364
3.553665167852574 3.5393440556819895
3.476700714625471 3.5155810131302214
3.5660303042661807 3.792840909737988
3.360568216352764 3.81997872454276
3.6339594824081995 3.6172718446671768
3.4770601437818534 3.518329038104296
3.632178486638714 3.615309623646787
3.6409538883323975 3.705603037399668
3.570901940971835 3.7880176288015
3.318458597650786 3.804618298626063
3.4209678295178674 3.8241093045102557
3.3447367794481035 3.812325302989022
3.2460262407619753 3.755033429530185
3.30849477105268 3.542704099464709
3.2625469775644187 3.7696709557703993
3.215112542901511 3.646978656366475
3.230961314351247 3.609981790650984
3.2130266407739407 3.6678765470951014
3.639558728295206 3.6658931347113475
3.319130050039185 3.540306878926025
3.636257349404586 3.648270802462842
3.2595388188162477 3.76283896401407
3.5751412747515867 3.564380749565595
3.5953842451230473 3.5824204707578913
3.2217354237051845 3.702072296886711
3.235407982557325 3.7301161959576197
3.4742560712418844 3.8130007287773418
3.598896316862884 3.752710984693307
3.5156981935702407 3.5375927260383384
3.6334096872261683 3.6699065706070138
3.223106493136327 3.694967101613489
3.5348894908225446 3.7932710286774163
3.476975378690176 3.5294820726125598
3.62931264659435 3.654082607480848
3.605840003045983 3.601732538401889
3.5190091935337593 3.5419755657572383
3.6195710109689165 3.7140869907913765
3.524073445201893 3.795126074835454
3.626769557900387 3.6903202162239124
3.4537274992645903 3.5278433704281817
3.602507643120712 3.6007783253491943
3.626446460901792 3.6826839194184013
3.3355584806725944 3.7960889434253504
3.2600534890035253 3.59191806506643
3.2469910041296792 3.6090555203661743
3.4814035268837205 3.804669051717132
3.6206560737161313 3.642667333580593
3.5966949674730717 3.7410409551645447
3.320523964664824 3.7865824915021506
3.2772310420055093 3.579861499835472
3.3345640153270693 3.7914961482180107
3.233672788232176 3.667389645914903
3.5479326588631133 3.7746249775515364
3.5757939818392477 3.5840874259048885
3.364440217496619 3.797514049633511
3.289214932176096 3.7634993740675453
3.5007972637550733 3.793329096635464
3.5953075594839055 3.6080591468879315
3.258456387470264 3.607131446955791
3.556183305117501 3.5716230396167905
3.6121333827791515 3.6959251507951247
3.2708475800092094 3.5935326246033625
3.531371250373116 3.7795549282804632
3.342301288144524 3.7880109528267307
3.258807433689524 3.609941727319926
3.586685859083605 3.7380671863519757
3.537226954055081 3.5629431181743145
3.6089199908055276 3.695903009917135
3.4917564651176285 3.545629367819834
3.496109241726496 3.7905112669077954
3.281179841749533 3.750634762478062
3.268120870655124 3.736728425659559
3.55293019484858 3.5739079184658427
3.6050443127527325 3.7026372973886064
3.3167132197260116 3.7723233148448663
3.3539692005607877 3.7871674646087436
3.324373846114596 3.7756676123452864
3.3858985796150907 3.543179409656365
3.419377185085866 3.797028259786292
3.563448335371155 3.7530135578234893
3.284766635606058 3.748656530016991
3.5728970664879514 3.744063037637418
3.5692447684567 3.5907561652785036
3.3317900194832673 3.5614932792699765
3.2597583352458686 3.713304739005486
3.260332683275764 3.6245809148904518
3.457753371363463 3.544998597945842
3.399436755978266 3.5453936064553555
3.291069095397559 3.748037531856724
3.3595884272451095 3.7827285970846845
3.6010301146541597 3.6619521549521203
3.592592125842996 3.7052774248956934
3.4143290204279837 3.5457107311189997
3.561592441372409 3.5918047262343786
3.276420326224471 3.6073627362011385
3.338590527092646 3.773448331941434
3.596566224331359 3.648407327117816
3.574598902392931 3.606757670498972
3.543946836133821 3.5817030179053746
3.348824307625185 3.5615973170926827
3.594098730054882 3.686581370196785
3.25893458913211 3.6817446703517414
3.593388937880106 3.6777519842240793
3.456530603440931 3.784305821454022
3.454297354101199 3.5517177448721826
3.364539380327659 3.5588201859805926
3.401463772571891 3.784093095929103
3.483432592627998 3.7776428698436195
3.4139118857466224 3.552206096957833
3.5685752259351204 3.72622031312344
3.581529595048522 3.630893569650829
3.366227375981686 3.560698496341004
3.452564337859927 3.554168884841273
3.56024573688986 3.6036554375000964
3.297620765405424 3.601393290805725
3.3378970153540526 3.761144650039061
3.520036662585344 3.5787378690719107
3.299640228332997 3.6026134275839237
3.4564241608164767 3.77460210239687
3.3243084834145886 3.748951094484308
3.533243913321143 3.5905529738747024
3.3368830873756896 3.75510516319649
3.27425769302339 3.6733653063016054
3.285673866975437 3.627931721399854
3.3424495232717244 3.756794640039594
3.5214962510494936 3.5843344787519174
3.2882572389893876 3.624806970628433
3.338157450284368 3.752903595179123
3.566482763880952 3.631635387165342
3.5748278486238334 3.6607916306792605
3.423535499183256 3.5626541132458702
3.2861107361762136 3.634631504989737
3.432766054751102 3.7706736853939513
3.3047474267712356 3.6102412033326776
3.545736133825099 3.607837533409718
3.2896920609506872 3.704003647285076
3.4022752420951203 3.7684623693562482
3.4665400998929004 3.7653091459846397
3.5644709860885095 3.6459422880992025
3.5232635388734277 3.739979689113606
3.288673875474734 3.689330456451577
3.3880805343499105 3.5711020777039266
3.418175471523495 3.7667245231757795
3.5609617525058157 3.6930832056222758
3.4665785728896577 3.7608265154212255
3.3794988950719 3.7591984942869487
3.2901624539700975 3.6845648041076697
3.5618448791899002 3.656010066716024
3.4839216734247023 3.5797380007491326
3.4166953967223788 3.762966972639993
3.365046347693178 3.5818811698473647
3.4950339233812704 3.748859328763191
3.5132221118623295 3.739055069042485
3.4211929864765263 3.5725274733038828
3.365916743658415 3.5833709736119683
3.5588158344527714 3.6660053892586864
3.3689023016913118 3.7509843911290597
3.4892845622394906 3.58706304730296
3.2981199792836042 3.6762817010299145
3.5547253149753466 3.661920452243233
3.3781301083093576 3.750645809953314
3.4249311853521096 3.576545448216052
3.359249225647526 3.7428672733550465
3.3819446061074228 3.750632604399322
3.3582117504707933 3.7406122760802267
3.4892703710050172 3.590529244219265
3.469206575589764 3.7476824242291897
3.308277566067864 3.687415267484173
3.5438870202189783 3.6479845658235153
3.4664558337261244 3.7467349814593836
3.4250655329086164 3.747984383865719
3.5282013314106235 3.7049171165712544
3.34856226940181 3.6068400214899183
3.430784340356071 3.5854542111435035
3.3460497672708254 3.6088737848957355
3.53480480614573 3.6412016080993252
3.418788564770484 3.585912727293895
3.5173469252087397 3.6179199761918235
3.5042167315502217 3.725028885086773
3.3173899857133167 3.6518136588258954
3.4591698799777215 3.74080484098106
3.3724304496623745 3.7340142544808534
3.5010541036750347 3.723148533875921
3.4934486590471705 3.6052549594989305
3.468392368668695 3.7368180715475594
3.521907524081153 3.63127888528448
3.3608298726491697 3.606087875340407
3.4897316919279144 3.6051624108012046
3.4025941603558225 3.739330605167139
3.4248675278785035 3.5912373231911876
3.442338155108311 3.59235821520373
3.3953006679851145 3.737413499143004
3.3670506380233114 3.7271910035701765
3.3892448999381863 3.7340093994969603
3.4505281706263284 3.595257422731691
3.430012695614825 3.59347688216216
3.347089959198849 3.622014352373182
3.330727070905909 3.643850343249781
3.4908651928291143 3.614964305799006
3.434599225359318 3.7335931266397195
3.380554644744783 3.72509619898196
3.3769120698912505 3.6106407973926427
3.4004474378599414 3.727056590597679
3.3896816821652913 3.7241801787890436
3.343006672849851 3.666676140957734
3.496051520790931 3.697835468965074
3.4378735254836394 3.723025223528664
3.364446535453814 3.6281264979533754
3.48051228245045 3.623256642526994
3.349181471218573 3.6806098084264
3.4663003879367347 3.617480049621487
3.357818587900329 3.693087898660838
3.480169680737343 3.6265768077822487
3.35390536214319 3.679027528874917
3.486103205231644 3.6365912607517408
3.3917316543292584 3.7094989292448095
3.3719202928251364 3.693670824611515
3.4419133397982264 3.7111872621602444
3.4806469403470928 3.642539641833239
3.479482401695261 3.6442940454812227
3.4776215820006895 3.6444895463669154
3.4260375042245705 3.625316984295755
3.3961963739979835 3.6944136063511874
3.4622237666936178 3.690726245065308
3.473304017093734 3.673354859249905
3.381131363229321 3.6748223222470076
3.427006179813364 3.6981952729201266
3.46700877599461 3.653511337721182
3.423298396577183 3.694343526529562
3.4640732843927076 3.6766665862269194
3.4310364909067266 3.6378909837683757
3.4329495878953384 3.639326974726866
3.437238854612194 3.689137172320226
3.4365871641487 3.6833635567000482
3.4114711421454476 3.6647300907931246
3.4298822084036678 3.6700937372393057
3.426492929309662 3.66102345917436
